// Reference=MNI
// Cabeza R, 2002: WM - Fixation
// Subjects=20
-43.99	12.61	25.17
-47.08	5.03	36.06
27.72	-.5	53.26
-51.4	-38.78	27.02
9.41	-63.6	45.25
-44.02	20.06	24.43
-34.71	29.09	-5.75
34.44	29.33	-6.95
2.95	8.76	61.73
2.89	8.34	57.29
-18.61	-67.53	50.6
27.86	-70.56	50.11
-26.23	-67.98	46.29
2.91	-39.7	48.6
-16.25	-90.54	-23.37
23.72	-90.4	-24.06
-27.06	-88.45	-23.39
23.71	-86.14	-24.48
-19.51	-27.2	-11.65
23.71	-27.05	-12.4
-16.19	-33.16	-6.63
20.55	-33.03	-7.27
2.51	25.2	30.98
-8.51	-21.35	4.4
12	-17.03	3.62
-16.22	5.96	-1.54
20.51	6.09	-2.18
-1.83	-87.69	6.36
12.21	-83.28	6.81
-5.06	-90.89	6.73
12.18	-74.77	5.97
-43.65	-5.62	48.26
-29.49	-16.75	54.72

// Garavan H, 2000: VSWM vs. CTL
// Subjects=5
-45.75	7.26	23.73
-39.43	32.67	21.53
39.62	38.35	19.03
22.87	5.67	52.07
-37.06	1.11	39.76
-6.07	18.81	45.72
0.41	-47.37	28.9
-.91	35.7	29.75
-33.17	22.37	-2.22
35.21	25.95	-3.3
-30.41	-51.3	49.65
31.57	-47.67	49.75
-11.04	-68.47	59.79
28.4	-79.21	41.28
0.6	-47.68	52.34
-33.71	-75.41	27.18
48.27	-53.88	-4.56

// Lee T M C, 2002: Digit Memory Task - Answer Correctly vs. Feign Memory 
// Subjects=6
21.89	-3.34	59.53
38.99	-4.3	59.41
45.29	5.54	48.48
27.18	13.78	60.26
54.71	22.21	29.13
34.37	34.94	30.52
28.98	46.46	28.5
41.53	62.45	0.25
8.49	62.06	11.82
34	50.89	-10.96
63.13	42.89	20.61
47.62	-62.72	46.37
65.24	-22.14	-8.54
16.19	-1.6	13.72
-41.23	6.51	54.97
-1.54	-5.97	68.94
-29.57	20.96	48.04
-42.56	31.31	31.71
-22.38	54.27	23.98
-60.78	30.6	24.17
-43.96	59.66	-.76
-5.38	66.54	16.06
-48.56	-64.44	46.5
-70.34	-41.39	2.44
-12.65	1.66	17.13
-.74	-38.37	21.46

// Stern C E, 2000: Working Memory II vs. Control
// Subjects=5
-35.15	37.19	24.44
-5	17.76	45.8
-38.52	30	0.55
-35.01	13.38	33.13
-7	2.74	58.23
-48.14	-29.48	-24.46
-55.53	-48.3	-19.45
-31.42	-32.04	64.78
-41.22	-33.98	40.52
50.38	32.67	27.19
34.19	25.4	3.45
50.48	13.89	32.1
47.12	12.25	11.09
4.57	17.3	39.04
34.64	12.51	56.94
23.39	-36.25	-35.87
40.54	-48.83	-35.01
31.53	-49.15	44.3

// Haxby J V, 1999: Faces > Houses
// Subjects=6
-37	-81	-8
42	-79	-7
-39	-55	-23
39	-59	-16
-52	-61	4
43	-57	12

// Ishai A, 2000: Houses > Faces and Chairs, Photos
// Subjects=12
-22	-81	-18
26	-86	-14
-26	-57	-14
28	-57	-13
-21	-84	23
29	-80	26
-32	-70	42
26	-58	45

// Ishai A, 2000: Faces > Houses and Chairs, Photos
// Subjects=12
-33	-79	-14
38	-82	-17
-36	-55	-20
40	-52	-19
-53	-45	-4
54	-47	9

// Ishai A, 2000: Chairs > Faces and Houses, Photos
// Subjects=12
-37	-80	-7
43	-79	-1
-27	-51	-19
30	-49	-16
-41	-64	-12
48	-62	-11
-21	-77	36
29	-80	35
-43	-50	49
34	-48	55

// Ishai A, 2000: Houses > Faces and Chairs, Photos and Line Drawings
// Subjects=12
-21	-87	-24
27	-88	-14
-25	-58	-16
28	-63	-18
-24	-80	34
29	-81	37
-33	-54	57

// Ishai A, 2000: Faces > Houses and Chairs, Photos and Line Drawings
// Subjects=12
-34	-81	-25
41	-82	-15
-39	-64	-28
41	-60	-20
-53	-53	1
51	-59	18

// Ishai A, 2000: Chairs > Faces and Houses, Photos and Line Drawings
// Subjects=12
-39	-84	-13
41	-90	1
-29	-56	-22
30	-61	-19
-42	-69	-14
48	-73	-8
-26	-83	22
31	-79	36
-43	-48	51
33	-61	55

// Ishai A, 1999: Houses > Faces and Chairs
// Subjects=12
-26.6	-60.47	-14.3
31.12	-60.04	-13.89
-25.54	-61.69	-16.44
31.1	-66.81	-18.9

// Ishai A, 1999: Chairs > Faces and Houses
// Subjects=12
-27.73	-54.56	-20.36
33.2	-51.82	-17.95
-42.58	-67.8	-11.28
52.53	-65.03	-11.48
-29.87	-60.12	-23.22
33.22	-64.77	-20.21
-43.65	-73.26	-13.04
52.59	-76.4	-7.19

// Ishai A, 1999: Faces > Houses and Chairs
// Subjects=12
-37.34	-58.93	-21
43.87	-55.19	-21.13
-40.58	-69.15	-29.03
44.96	-63.73	-21.54

// Pessoa L, 2002: Working Memory vs. Fixation
// Subjects=9
2.52	12.69	48.37
-1.97	29.18	28.08
-25.2	-4.4	50.12
28.22	-1.96	49.3
-45.71	4.34	27.32
48.37	5.33	31.73
-38.32	33.11	27.05
47.12	39.71	22.17
-32.06	22.8	3.31
35.27	23.29	3.61
-21.83	-59.79	49.15
20.95	-65.71	51.39
-39.04	-41.2	43.33
42.13	-34.63	38.5
-44.72	-63.49	-10.5
54.61	-54.52	-13.5
-32.73	-81.8	13.21
32.46	-84.67	11.58
-1.81	-91.1	0.25

// Petit L, 1998: Spatial Working Memory
// Subjects=12
0	-14	50
-1	9	50
0	-2	38
1	5	36

// Petit L, 1998: Face Working Memory
// Subjects=12
1	-14	50
0	8	50
1	-5	40
-1	16	33

// Reber P J, 2002: Categorization - Counting
// Subjects=10
42	-69	38
-22	-98	13
18	-98	15
33	16	57
14	-60	26
45	-51	-12
44	43	7
-5	34	51
10	37	43
-51	39	-2
-27	61	5
-47	-2	-7
-51	-69	38
-47	-20	10
31	33	-7

// Bunge S A, 2001: Load 6 > Load 4
// Subjects=16
-42	-2	32
-34	20	4
36	24	4
36	30	-4
38	46	0
40	34	20
48	26	28
26	2	56
8	20	44
2	4	28
-28	-70	36
44	-50	48
16	-46	-16
24	-62	-24

// Bunge S A, 2001: Load 4 High Recency > Load 4
// Subjects=16
44	16	36
6	2	32

// Bunge S A, 2001: Load-related Activation and Load Susceptibility
// Subjects=16
2	24	28
4	4	48
-34	30	8
-52	-40	4
6	-10	8
10	-72	-16
-46	8	-12

// Bunge S A, 2001: Interference-related Activation and Interference Susceptibility
// Subjects=16
42	20	36
52	-52	16

// Rypma B, 1999: 3-1 Contrast
// Subjects=6
-46.81	1.88	23.08
-54.23	4.63	31.85
-56.22	-4.84	47.17
-15.57	-15.17	47.57
20.73	-37.21	34.5
-12.43	-46.56	26.74
-67.11	-35.57	8.61
34.59	-56.13	22.55
56.76	-39.02	-5.91
-50.05	-40.29	1
3.74	-93.33	26.02
0.41	-3.44	46.4
21.88	-29.75	48.36
-27.74	-16.27	-6.85
24.85	-23.41	19.91
25.62	28.44	2.17

// Rypma B, 1999: 6-1 Contrast
// Subjects=6
-27.98	57.12	-7.42
-38.41	33.31	15.88
30.96	39.38	5.66
32.21	36.87	28.16
45.26	6.34	45.06
-50.32	47.01	1.49
27.59	57.46	-8.09
36.36	14.75	3.2
35.35	27.41	15.53
38.57	33.06	19.48
-51.38	28.43	-4.75
-40.64	38.96	6.51
-54.34	7.84	18.2
45.14	9.46	30.31
-54.23	5.69	31.76
-39.52	25.22	7.65
-61.89	6.05	9.52
-53.03	-.59	46.77
1.35	30.4	43.55
2.33	25.06	29.49
-50.78	-31.24	49.32
-30.51	-52.33	36.36
-25.02	-61.75	51.58
-69.25	-34.52	8.54
-55.43	-30.81	0.27
-59.56	-54.55	10.11
47.23	-51.34	0.81
-51.09	-58.7	-3.02
61.06	-46.4	-5.34
-17.86	-76.05	3.63
14.14	-61.06	2.01
6.66	-6.26	23.15
22.89	-69.95	23.84
1.74	-72.17	52.15
18.2	12.53	3.59
16.22	-2.32	18.24
-18.02	9.11	17.68
-12.85	2.86	-8.62
-20.24	13.7	8.4
26.65	24.67	-5.33
-5.15	-21.11	11.14

// Shulman G L, 1999: Directional Cue vs. Passive Cue
// Subjects=7
-10.36	-102.16	-4.3
21.71	-95.28	-.79
23.65	-66.51	-14.37
-16.88	-90.19	-14.15
25.84	-83.59	-15.2
40.8	-79.1	-13.52
-51	-65.42	6.47
-44.65	-72.58	-4.16
45.17	-64.84	5.31
-29.54	-92.96	6.3
34.57	-90.46	5.35
64.49	-41.87	25.47
-27.25	-78.2	31.8
-29.44	-83.13	23.32
-39.95	-48.38	60.67
-35.74	-44.64	53.62
-31.56	-41.24	42.13
30.57	-54.65	55.92
32.6	-44.75	46.15
-12.09	-67.25	61.93
-22.84	-70.11	53.37
26.38	-67.02	61.47
17.78	-71.99	53.06
-27.27	-10.24	57.33
-35.8	-5.72	61.5
-53.06	1.27	43.27
-53.2	6.41	27.23
-55.41	3.43	16.35
28.25	-6.02	51.87
45.37	-3.46	55.92
55.96	4.38	46.22
58	12.16	36.62
-1.69	4.55	53.56
-1.61	-5.51	61.09
-8.17	8.22	46.64
8.87	14.33	41.47
-8.29	15.83	34.85
8.72	25.99	27.11
38.5	51.03	17.98
-32.11	25.63	-1.39
-32.03	17.69	5.97
34.22	24.6	6.86
-10.53	-20.42	6.69
-10.57	-3.33	7.49
8.71	-20.31	6.46
10.81	-5.32	7.41
25.75	-1	6.87
-23.43	0.65	5.07

// Shulman G L, 1999: Neutral Cue vs. Passive Cue
// Subjects=7
-16.75	-104.14	-1.83
0.33	-97.69	-2.57
21.69	-95.45	-3
-16.88	-90.19	-14.15
25.84	-83.59	-15.2
36.47	-79.64	-20.11
-51	-65.42	6.47
-44.65	-72.58	-4.16
45.19	-69.07	5.67
-27.42	-93.11	4.06
34.57	-90.46	5.35
32.47	-83.44	13.71
64.49	-39.75	25.29
-31.59	-78.91	22.99
43.45	-51.77	64.46
-31.52	-49.53	45.06
-35.76	-42.7	51.22
34.83	-43.79	58.31
-14.27	-69.89	55.49
-22.84	-70.11	53.37
26.34	-67.36	57.04
-31.58	-6.21	54.81
-46.58	-2.41	50.2
-48.84	0.78	36.58
-53.22	6.24	25.02
26.15	-1.29	58.19
34.71	-5.47	58.44
47.5	-1.33	55.72
55.97	2.26	46.4
57.98	14.11	34.23
-1.69	4.55	53.56
-1.61	-3.4	60.92
-8.19	8.05	44.42
6.77	12.54	46.1
-1.82	16.38	41.42
-8.29	17.94	34.67
8.72	25.99	27.11
-29.89	46.22	16.93
34.22	48.72	15.99
-32.14	35.15	-2.19
-32.03	19.8	5.79
34.22	24.6	6.86
38.44	21.83	-1.88
-8.38	-22.52	6.84
-10.57	-3.33	7.49
8.7	-18.19	6.28
10.81	-5.32	7.41
25.75	-1	6.87
-23.41	-1.29	7.46

// Shulman G L, 1999: Directional Cue vs. Neutral Cue
// Subjects=7
-44.71	-79.78	-14.71
-51.01	-63.3	6.29
-44.65	-72.58	-4.16
45.23	-62.04	14
-35.98	-86.65	5.84
32.48	-85.55	13.89
-22.96	-73.6	35.82
-31.36	-54.51	63.31
-35.74	-44.64	53.62
-33.7	-41.26	42.16
-27.16	-53.05	54.22
34.8	-48.45	53.13
34.71	-42.79	43.73
-14.26	-65.32	59.56
-22.84	-70.11	53.37
-12.14	-74.28	53.6
17.72	-65.98	48.1
24.18	-69.83	52.81
-25.12	-7.94	59.34
-31.46	-9.41	68.46
-59.51	-1.4	36.88
-61.85	9.73	15.9

// Rowe J B, 2000: Working Memory Maintenance
// Subjects=6
24	4	54
-22	8	60
26	-60	64
44	-34	42
-22	-62	60

// Rowe J B, 2000: Selection from Memory
// Subjects=6
42	38	28
30	18	40
40	54	-12
36	22	-16
10	-80	48
-14	-76	54
38	-82	32

// Rowe J B, 2000: Visual Presentation
// Subjects=6
-8	-96	0
10	-98	12
-12	-58	70
22	-60	68

// Rowe J B, 2000: Cursor Positioning
// Subjects=6
-24	-24	74
-52	-22	18
66	-22	18
-26	-92	0
34	-84	-10
-38	-2	10
42	2	10
-14	-72	-46
-30	-54	-22
14	-64	-50
24	-50	-24
-26	0	0
24	0	0
-12	-18	6
10	-16	6
0	0	52

// Crespo-Facorro B, 2001: Novel - Well-learned, Normals
// Subjects=34
31.8	47.99	-20.73
-32.34	47.35	-23.28
-17.28	12.29	-23.86
15.83	7.83	-29.44
-.91	29.02	25.85
-25.24	-4.74	45.69
36.32	16.53	-1.41
-33.23	10.77	-14.63

// Shikata E, 2001: Orientation vs. Color Discrimination
// Subjects=6
36	-33	39
6	-60	63
-12	-57	60

// Gruber O, 2003: Verbal Working Memory, Absence of Articulatory Suppression
// Subjects=13
-42.44	10.51	37.92

// Gruber O, 2003: Verbal Working Memory, Absence of Articulatory Suppression, Effects of 
// Subjects=13
-48.8	-.99	41.18

// Gruber O, 2003: Verbal Working Memory, Absence of Articulatory Suppression, 
// Subjects=13
-42.46	16.94	38.49

// Gruber O, 2003: Verbal Working Memory, Absence of Articulatory Suppression, 
// Subjects=13
-26.73	56.81	16.01
43.74	51.09	4.53
-51.94	-39.94	33.33
57.13	-47.31	38.28
-4.24	39.86	14.94
15.25	7.42	34.17
56.65	16.9	1.67
40.81	13.32	25.57
8.4	69.83	2.25

// Gruber O, 2003: Verbal Working Memory, Under Articulatory Suppression, 
// Subjects=13
-23.49	54.98	19.47
27.75	60.23	13.98
-51.89	-53.68	34.49
53.84	-36.13	31.8
-13.79	31.68	20.2
2.29	41.1	30.38
56.62	18.76	-1.83
5.19	69.81	2.29

// Gruber O, 2003: Verbal Working Memory, Independent of or Enhanced by 
// Subjects=13
-58.66	16.18	16.44
-55.53	16.49	6.34
-42.52	14.14	29.81
-42.22	-32.16	50.41
34.74	-42.53	47.05
-33	-61.57	-14.14
34.3	-58.08	-16.32
-10.71	18.36	-1.02
8.53	26.22	2.56
40.65	47.87	18.22
-.74	18.76	44.55
-30.03	33.76	-6.55
34.11	34.4	-4
-42.71	36.28	13.45

// Gruber O, 2003: Verbal Working Memory, Independent of or Enhanced by 
// Subjects=13
-58.66	16.18	16.44
-42.51	10.96	30.07
-39.09	-35.2	38.37
41.07	-37.81	38.78
-39.49	-61.32	-24.12
40.68	-56.18	-19.9
-13.95	16.85	-6.44
11.75	23.07	2.78
43.83	50.98	16.8
2.48	20	46.64
-23.53	22.68	0.99
37.39	26.39	2.21
-42.72	31.8	10.48

// Gruber O, 2003: Verbal Working Memory, Independent of or Enhanced by 
// Subjects=13
-33.19	20	-5.36
43.69	29.72	-10.41
-42.73	30.57	8.36

// Gruber O, 2003: Verbal Working Memory, Independent of or Enhanced by 
// Subjects=13
-.65	15.3	54.88

// Gruber O, 2003: Visuospatial Working Memory, Visuospatial Rehearsal
// Subjects=13
-26.38	4.34	39.36
28.12	8.01	40.66
-32.58	-38.54	49.72
31.62	-46.01	57.42
-16.46	-64.96	50.64
22.02	-52.5	56.96
-26.2	-70.62	33.38
37.93	-72.35	32.79
-45.67	9.17	34.72
50.4	13.12	22.13
53.66	-56.68	0.07

// Gruber O, 2003: Visuospatial Working Memory, Visual Pattern Storage
// Subjects=13
-19.92	13.7	49.66
21.76	18.35	51.02
-35.78	-37.33	51.89
34.77	-39.99	52.42
-13.3	-43.36	54.37
15.62	-60.11	55.44
-26.22	-70.88	30.06
37.95	-72.09	36.11
-48.9	12.24	33.38
47.2	13.1	22.17
53.64	-53.59	-1.3

// Gruber O, 2003: Visuospatial Working Memory, Effects of Visuospatial 
// Subjects=13
-23.15	-.84	40.88
28.14	4.93	42.03
-32.6	-35.45	48.35
34.72	-35.05	47.54
-19.64	-60.32	55.86
22.02	-52.5	56.96
-29.41	-73.98	31.47
34.71	-73.6	30.7
-42.46	12.53	36.63
53.6	11.91	19.97
50.45	-56.69	0.11

// Gruber O, 2003: Visuospatial Working Memory, Eye Tracking
// Subjects=13
-23.09	11.82	53.2
24.91	7.99	40.7
-32.62	-32.28	48.08
34.69	-33.19	44.04
-22.9	-43.25	56.7
25.23	-48.08	58.78
-22.98	-72.71	33.52
34.69	-67.17	31.28
-48.87	12.5	36.71
56.87	11.56	28.88
40.91	-68.04	5.63

// Gruber O, 2003: Visuospatial Working Memory, Absence of Visuospatial 
// Subjects=13
-48.9	-66.89	0.99
-23.37	-64.59	-12.88
34.5	-70.28	4.78
-.92	-75.38	-16.69

// Gruber O, 2003: Visuospatial Working Memory, Absence of Visuospatial 
// Subjects=13
-39.28	-71.24	-.99
-29.74	-66.49	-9.3
34.42	-71.05	-5.2
-.98	-73.78	-23.52

// Gruber O, 2003: Visuospatial Working Memory, Absence of Visuospatial 
// Subjects=13
-52.11	-66.91	1.03
-33.04	-55.31	-15.78
31.17	-66.13	-10.03
8.65	-70.37	-21.68

// Gruber O, 2003: Visuospatial Working Memory, Independent of Visuospatial 
// Subjects=13
47	45.11	9.45
5.62	28.14	41.46
-29.98	28.82	-1.68
30.92	31.3	-2.59
57.13	-39.57	42.09

// Gruber O, 2003: Visuospatial Working Memory, Independent of Visuospatial 
// Subjects=13
43.81	46.32	11.62
-.9	39.05	31.7
-26.8	26.38	-5.97
34.11	26.74	-6.7
53.93	-39.59	42.13

// Veltman D J, 2003: Sternberg
// Subjects=22
-51	12	36
-48	24	27
-51	12	3
54	12	36
45	33	33
-45	-42	54
6	18	60
21	-57	-42

// Veltman D J, 2003: Sternberg and n-Back
// Subjects=22
-42	39	30
-42	12	33
-51	12	36
-45	36	27
-51	12	3
30	48	15
33	51	30
42	42	30
45	33	33
48	18	33
-45	-42	54
36	-48	51
-42	-51	-12
6	18	60
21	-57	-42
36	-54	-42
-24	-54	-39

// Veltman D J, 2003: n-Back > Sternberg
// Subjects=22
-51	9	36
36	42	42
54	9	18
-45	-39	51
36	-45	51
21	6	63
39	-57	-42

// Veltman D J, 2003: Sternberg > n-Back
// Subjects=22
-18	-63	30
15	-63	30

// Veltman D J, 2003: Encoding
// Subjects=22
-48	6	27
-51	15	0
36	-45	57
27	0	57

// Veltman D J, 2003: Responding
// Subjects=22
-45	3	36
-45	12	33
-51	15	0
45	33	33
48	18	36
-51	-36	42
42	-51	54
-42	-51	-12
24	15	60
-6	9	63
18	-63	-39

// Veltman D J, 2003: Encoding and Responding
// Subjects=22
-48	6	27
-39	27	33
-51	15	0
42	42	30
54	12	39
-45	-45	57
-42	-36	39
42	-39	45
-9	9	63
24	-63	-36

// Veltman D J, 2003: Responding > Encoding
// Subjects=22
-48	24	42
48	21	33
-60	-36	39
-6	-6	60

// Desmond J E, 2003: Controls, High vs. Low Load (uncorrected)
// Subjects=13
-58.51	21.04	-10.15
-37.81	-73.83	-15.69
-43.87	9.19	34.47
-37.66	29.03	16.72
-36.17	8.74	-39.57
-29.65	-55.54	-50.13
-31.63	-21.36	-28.83
-2.9	29.44	30.65
46.39	-67.46	-21.11
11.89	-76.95	-17.34
50.53	-63.38	-35.03
1.9	15.55	65.56
31.01	-23.47	-31.93
39.46	-51.15	-52.86
39.62	-68.6	-44.42
53.37	-1.42	30.5

// Smith E E, 1996: Verbal Memory - Control
// Subjects=30
0.42	10.9	53
-24	-53.46	48.64
-49.86	-2.06	41.29
-45.81	15.46	19.7
-57.54	5.7	18.42
-17	-2.4	6.37
-28.87	16.14	-.63
36.37	-64.21	-26.98
-5.09	24.48	36.32

// Smith E E, 1996: Spatial Memory - Control
// Subjects=30
27.13	6.66	50.82
41.11	-37.46	43.21
31.55	-68.7	39.25
36.25	21.3	-8.5

// Awh E, 1996: Item Recognition Memory - Control
// Subjects=11
-24	-53.46	48.64
-57.54	5.7	18.42
-45.81	15.46	19.7
0.42	10.9	53
-49.86	-2.06	41.29
-28.87	16.14	-.63
-17	-2.4	6.37
36.37	-64.21	-26.98
7.73	24.55	36.16

// Chen J K, 2004: Verbal Working Memory
// Subjects=8
-48	30	30
-56	20	30
-56	6	4
-50	0	32
-52	-36	2
-36	16	0
-20	-12	10
-2	-54	-18
-36	-60	-22
36	38	30
4	22	36
32	20	0
18	-12	10
8	-44	-22
24	-58	-22
2	-68	-24
10	-70	-18

// Chen J K, 2004: Visual Abstract Working Memory
// Subjects=8
-46	46	14
-52	18	28
-42	56	12
-50	0	32
-6	24	38
-42	-74	-8
-38	-74	-24
-34	-90	-6
-34	16	4
-18	0	22
-20	-16	22
-10	-12	4
-40	-64	-24
36	38	32
50	20	40
28	50	4
42	10	28
4	22	36
38	-2	32
40	-70	-4
26	-84	-8
30	22	4
16	-6	24
6	-16	4
8	-44	-22
0	-56	20
6	-70	-18

// Landau S M, 2004: Retrieval:  Main Effect Only
// Subjects=10
53	15	-5
49	11	-5
-45	26	20
-45	26	25
-41	-71	-15
-30	-19	60
0	-64	-5
26	-23	10

// Landau S M, 2004: Retrieval:  Practice by Load Interaction
// Subjects=10
8	4	35
45	-53	50
41	-19	60
-53	-49	25
-4	-86	45
-49	11	5

// Cairo T A, 2004: Encoding, Average Across All Loads
// Subjects=18
-12	2	56
-48	-10	38
36	-16	56
-52	4	18
52	6	26
32	44	28
-44	-40	42
32	-48	42
-24	-68	36
28	-68	40
-48	-62	-14
40	-62	4
-32	-92	8
24	-92	8
-24	4	0
20	12	0
-4	-30	-6
-12	-78	-16
28	-64	-18

// Cairo T A, 2004: Encoding, Linear Regression with Load
// Subjects=18
-8	2	56
-44	-6	44
40	-2	48
-52	8	14
52	8	18
36	44	24
-28	-48	42
40	-36	42
-24	-64	36
8	-56	50
16	-68	52
-48	-62	-14
48	-54	-8
-16	-88	26
16	96	-4
-24	8	0
16	16	-4
-12	20	-8
12	16	-4
-12	0	0
16	0	4
-16	-16	-6
12	-8	12
-12	12	-8
12	-16	-2
-36	-64	-18
32	-60	-18

// Cairo T A, 2004: Maintenance
// Subjects=18
-4	10	48
-44	-6	52
-16	10	58
20	10	54
-48	32	20
36	48	24
-28	-60	40
-20	-94	-2
16	-90	4
-24	12	-8
32	24	-2
28	-64	-24

// Cairo T A, 2004: Retrieval, Average Across All Loads
// Subjects=18
4	14	44
-40	-16	56
-48	-4	8
-36	20	-8
32	26	-4
-48	-34	38
32	-44	46
-40	-36	60
56	-18	34
12	-68	36
-56	-66	4
48	-58	0
-16	-12	-6
20	-56	-20
0	-58	-8
24	-64	-40
12	-70	-20
8	-80	-30

// Cairo T A, 2004: Retrieval, Linear Regression with Load
// Subjects=18
0	28	36
40	32	24
32	52	16
-4	-78	-16
44	-64	-28
36	-70	-20

// Caldwell J A, 2005: Significant Activations in SWMT, Pilots
// Subjects=8
-40	58	12
-48	20	0
-2	18	40
-38	-66	38
-18	0	10
-42	-64	-46
42	0	28
24	62	-10
28	8	64
28	-72	52
12	6	4

// Caldwell J A, 2005: Significant Activations in SWMT, Fatigue-Resistant 
// Subjects=10
-56	14	30
-52	-4	28
-12	-10	60
-20	-74	24
-30	-34	-20
34	36	24
32	28	4
28	-78	24
16	-20	10

// Caldwell J A, 2005: Significant Activations in SWMT, Fatigue-Vulnerable 
// Subjects=10
-42	-14	44
-44	34	0
-8	10	42
-28	-82	26
-28	-16	-24
48	24	20
36	6	-20
34	-76	26
20	-8	-4

// Leung H C, 2002: Late Delay
// Subjects=6
41.8	32.27	22.86
36.39	50.22	21.41
41.68	45.25	11.73
40.62	22.27	3.64
42.67	22.48	-7.56
18.7	6.75	66.52
-39.54	44.76	12.71
-8.07	0.54	57.32
49.46	5.6	35.04
50.45	5.89	24.97
22.12	-49.27	71.18
24.2	-55.32	61.63
42.2	-30.6	49.31
-26.22	-2.75	57.8
-50.07	2.4	16.38

// Leung H C, 2002: Main Task Effects
// Subjects=6
41.8	32.27	22.86
36.39	50.22	21.41
41.68	45.25	11.73
40.51	49.76	1.33
40.62	22.27	3.64
42.67	22.48	-7.56
18.7	6.75	66.52
10.09	2.76	56.92
49.46	5.6	35.04
50.45	5.89	24.97
22.12	-49.27	71.18
24.2	-55.32	61.63
42.2	-30.6	49.31
-26.22	-2.75	57.8
-49.92	3.94	36.32
-20.67	-57.7	62.34
-42.22	-30.05	50.24
-39.54	44.76	12.71

// Leung H C, 2002: Time Effects
// Subjects=6
41.8	32.27	22.86
7.83	14.66	45.91
10.09	2.76	56.92
-36.27	49.78	22.28
-6.16	19.01	34.56
-8.07	0.54	57.32
53.58	4.08	15.05
42.2	-30.6	49.31
-39.01	-11.28	58.66
-6.99	-87.22	23.4

// Leung H C, 2002: Interaction Between Task and Time
// Subjects=6
42.2	-10.8	57.69
-36.27	49.78	22.28
42.2	-30.6	49.31

// Johnson M R, 2006: Controls, Activation Modulated by Load, Encoding
// Subjects=18
-52.38	7.96	44.82
36.69	53.03	5.23
1.72	18.56	51.82
-27.29	-53.64	50.49
52.67	18.58	-19.65
-18.3	2.22	4.47
40.25	11.64	21.59
-18.49	-2.53	-11.86
55.64	14.73	42.31

// Johnson M R, 2006: Controls, Activation Modulated by Load, Retrieval
// Subjects=18
-44.06	11.03	19.73
-30.46	-69.5	53.23
1.72	18.56	51.82
36.53	55.07	-7.3
-18.29	0.09	4.68
54.82	21.78	-20
40.25	11.64	21.59
-21.78	-.72	-15.35
55.64	14.73	42.31
33.04	-3.67	-38.4
-59.44	-53.28	-12.87
2.02	-74.39	56.53
-41.32	59.81	-9.8

// Johnson M R, 2006: Controls, Difficult 6 > Medium 6, Encoding
// Subjects=18
-47.3	11.02	19.78
1.66	21.44	48.17
-34.8	60.14	-6.58
36.53	28.82	-12.54
-18.26	3.6	7.7
54.82	21.78	-20
-7.75	-74.73	53.37
39.75	60.4	-7.88

// Johnson M R, 2006: Controls, Difficult 6 > Medium 6, Retrieval
// Subjects=18
-47.31	14.21	19.47
-33.63	-67.92	58.74
1.66	21.44	48.17
36.47	60.08	-11.15
-34.87	56.33	-12.93
54.75	21.26	-25.55
-65.91	-8.35	-2.64
-18.26	3.6	7.7

// Kirschen M P, 2005: Linear Activations
// Subjects=16
-4.79	16.32	40.83
-11.39	23.55	33.62
-37.57	23.41	-11.19
-39.67	15.42	-8.13
-67.27	7.61	12.05
-58.39	1.77	29.4
-60.48	9.09	36.67
-47.78	3.03	22.82
-41.93	-63.47	-32.11
-30.4	-47.35	36.36
-41.93	-43.93	-27.43
-39.94	-84.75	-49.64
-31.27	50.56	-11.63
-31.13	-66.43	-24.15
35.14	23.67	-12.46
28.44	-78.09	-50.01
39.51	40.5	3.17
48.18	40.84	5.12
50.19	49.1	3.82
46.15	10.13	9.76
43.71	-68.74	-28.9
30.88	-70.62	-26.47
53.11	-30.69	46.96
34.94	55.92	-21.14
35.99	-42.2	40.77

// Kirschen M P, 2005: Quadratic Activations
// Subjects=16
-43.24	-51.52	37.22
-38.75	-60.29	48.88
-39.43	13.85	10.63
-52.02	19.08	32.85
-43.87	34.07	5.56
-54.39	18.81	16.33
-7.63	-17.39	-18.76
44.1	-96.67	-3.84
9.33	11.03	-22.2
41.86	16.85	12.98
54.14	42.58	-27.09
25.1	22.56	39.37

// Kirschen M P, 2005: Linear + Quadratic Activations
// Subjects=16
-37.56	21.3	-10.87
-4.83	18.03	38.53
-47.81	2.74	20.83
-34.75	-41.23	35.5
-30.4	-49.36	36.67
-29.07	50.97	-8.57
35.12	23.39	-14.33
52.41	43.16	6.72
41.67	40.51	3.13
46.18	10.33	11.87

// Linden D E J, 2003: Middle and Late Delay
// Subjects=12
-38.27	19.36	28.2
35.44	33.81	29.49
-25.17	-5.11	54.64
28.25	-6.02	51.87
-5.06	22.62	39.82
9.89	17.08	35.65
-4.92	3.21	50.36
12.13	0.6	42.58
-51.05	7.65	29.33
36.81	-31.15	42.73
-45.46	-42.47	41.28
-36.87	-45.25	45.87
-28.3	-63.69	40.63
36.87	-43.66	46.01
-17.6	-67.85	40.86

// Monks P J, 2004: Sternberg, Controls
// Subjects=12
4.4	-85.46	-23.72
35.79	-72.36	32.82
5.66	-78.03	3.53
-48.73	-18.97	42.69
-43.29	-70.72	33.59
61.29	-33.08	29.23
-19.16	-88.4	-32.12
40.89	0.97	31.07
45.09	21.09	29.33
-42.5	3.3	27.37
-45.52	-66.13	24.31
2.53	-64.07	19.12
0.37	7.13	45.51
54.5	12.41	-1.27
-33.61	-72.18	41.4
-27.73	-8.44	-1.93
43.54	-4.83	-44.31

// Mu Q, 2005: Sternberg vs. Control, Sleep Deprivation-Resilient Subjects, 
// Subjects=10
-56	14	30
-30	26	-4
-12	10	60
-20	-74	24
34	36	24
40	12	-6
28	-78	24
-46	-64	-32

// Mu Q, 2005: Sternberg vs. Control, Sleep Deprivation-Vulnerable Subjects, 
// Subjects=10
-42	26	24
-32	46	-8
-28	-82	26
38	16	38
34	-76	26

// Mu Q, 2005: Sternberg Task, Sleep Deprivation-Resilient vs. -Vulnerable 
// Subjects=10
-44	-2	54
26	-76	44

// Mu Q, 2005: Sternberg > Control, Normal Sleep State
// Subjects=33
-48	2	24
-30	-76	20
-44	36	6
-2	-14	58
34	14	-2
30	-78	22

// Mu Q, 2005: Sternberg Load 1 > Control, Normal Sleep State
// Subjects=33
-50	2	22
-34	-68	30
-36	22	-16
-2	-14	60
34	14	-2
42	-4	22
30	-78	22

// Mu Q, 2005: Sternberg Load 3 > Control, Normal Sleep State
// Subjects=33
-60	-4	38
-34	-68	38
-4	-18	58
28	-78	28
-48	-60	-34

// Mu Q, 2005: Sternberg Load 6 > Control, Normal Sleep State
// Subjects=33
-48	4	28
-30	-78	24
-6	-4	50
36	40	24
30	-76	24
-44	-66	-36

// Rypma B, 2001: Sternberg, Load 6 vs. Load 1, Young Subjects
// Subjects=6
-27.98	57.12	-7.42
-38.41	33.31	15.88
30.96	39.38	5.66
32.21	36.87	28.16
45.26	6.34	45.06
-50.32	47.01	1.49
27.59	57.46	-8.09
36.36	14.75	3.2
35.35	27.41	15.53
38.57	33.06	19.48
-51.38	28.43	-4.75
-40.64	38.96	6.51
-54.34	7.84	18.2
45.14	9.46	30.31
-54.23	5.69	31.76
-39.52	25.22	7.65
-61.89	6.05	9.52
-53.03	-.59	46.77
1.35	30.4	43.55
2.33	25.06	29.49
-50.78	-31.24	49.32
-30.51	-52.33	36.36
-25.02	-61.75	51.58
-69.25	-34.52	8.54
-55.43	-30.81	0.27
-59.56	-54.55	10.11
47.23	-51.34	0.81
-51.09	-58.7	-3.02
61.06	-46.4	-5.34
-17.86	-76.05	3.63
14.14	-61.06	2.01
6.66	-6.26	23.15
22.89	-69.95	23.84
1.74	-72.17	52.15
18.2	12.53	3.59
16.22	-2.32	18.24
-18.02	9.11	17.68
-12.85	2.86	-8.62
-20.24	13.7	8.4
26.65	24.67	-5.33
-5.15	-21.11	11.14

// Manoach D S, 2000: 5 Targets WM vs. Arrows, Normals
// Subjects=9
-44.7	32.36	31.65
47.09	48.25	22.57
1.51	15.48	57.07
-41.36	4.08	37.33
17.6	12.92	63.79
-28.25	-65.37	46.35
41.22	-61.53	48.57
-28.83	24.22	7.61
40.66	24.9	10.11
-15.04	66.06	10.64
-47.77	17.25	42.99
27.59	42.05	-14.6
43.98	16.25	21.94

// Quintana J, 2003: Retention, Logical vs. Rest, Normals
// Subjects=8
-41.71	22.4	-1.01
-52.41	15.65	-4.78
52.36	7.99	-3.11

// Quintana J, 2003: Retention, Emotional vs. Rest, Normals
// Subjects=8
48.39	11.05	36.83
-43.93	25.93	-10.2
52.49	24.68	20.02
-28.18	-62.4	57.25
-47.56	-26.74	52.25

// Quintana J, 2003: Anticipation, Logical vs. Rest, Normals
// Subjects=8
-60.68	14.11	31.13
58.87	9.06	10.11
21.03	-57.19	65.17
-47.57	-29.02	50.21
44.37	-25.84	55.58
-52.4	13.54	-4.6
50.16	11.69	-10.09

// Quintana J, 2003: Anticipation, Emotional vs. Rest, Normals
// Subjects=8
-58.55	18.35	30.75
43.7	19.94	-12.93
-54.57	17.58	-7.15
-52.16	9.42	24.74
-32.48	-60.48	54.91
-51.85	-31.33	48.22
-43.2	-54.37	52.29
33.69	-50.03	46.58

// Bedwell J S, 2005: Brain regions significantly active during encoding 
// Subjects=14
34.01	-91.63	19.59
-29.05	-69.68	-6.16
33.7	-75.32	-1.07
-35.72	48.2	3.58
-31.53	42.82	-8.29
-21.8	-70.43	54.3
34.38	-57.15	55.39
-57.88	9.35	36.94
25.49	12.16	50.93
36.29	21.97	52.01
13.87	-23.56	-20.42
-2.91	33.79	31.34
16.62	23.54	35.38
-11.61	-10.44	17.94
11.77	5.33	-9.8
-16.27	7.78	-5.08
20.36	8.24	-13.59
12.04	-91.11	-8.1
-33.42	-83.18	-12.59

// Bedwell J S, 2005: Brain regions significantly active during maintenance 
// Subjects=14
-13.77	-95.8	0.64
-46.14	-84.65	6.82
8.41	-87.1	46.47
-46.48	55.07	8.69
-58.17	24.7	17.49
55.27	36.05	17.8
-42.39	38.01	-13.23
-17.41	-62.24	61.26
-34.97	-33.77	45.29
-11.34	23.31	45.97
23.33	1.2	48.69
-20.03	38.27	45.76
-46.31	-65.17	-2.95
50.88	-57.49	-6.49
-20.85	-6.22	-28.27
18.13	-3.23	-21.38
-27	-27.77	-5.86
12.39	-7.53	36.29
-2.85	29.85	35.09
11.78	20.74	-5.72
-16.14	17.53	7.4
-20.62	19.57	-5.05
29.15	-67.21	-17.48
-39.89	-78.74	-10.68

// Bedwell J S, 2005: Brain regions significantly active during retrieval 
// Subjects=14
41.87	56.8	-12.04
-50.55	17.49	20.32
37.64	21.38	-11.82
-33.71	25.17	-13.23
-5.07	40.38	32.97
3.64	38.69	37.47
-30.66	-49.16	41.14
1.18	39.7	13.88
-31.35	-20.34	-6.52
5.38	-13.73	-6.68

// Druzgal T J, 2001: Match > No Match
// Subjects=9
-41	-53	-25
-34	-68	-20
-38	-68	-20
8	-56	-20
4	-64	-20
-45	-75	-15
-41	-90	0
26	-90	20
-26	-38	-10
-19	-15	-5
-19	-26	10
-60	-38	-5
-53	8	35
-56	-30	50
-15	-48	60
-34	-45	60
-48	-41	60

// Druzgal T J, 2001: No Match > Match
// Subjects=9
-15	-56	-20
0	15	35
0	0	40
0	-19	40
-4	34	45
19	30	50
26	-8	55
34	-23	60
30	-30	60

// Lagopoulos J, 2007: Response, Healthy Controls
// Subjects=10
-55	-26	12
-32	45	12
9	40	12
12	60	36
-12	67	14
14	-20	14
22	2	16
14	-78	34
-8	-60	32
35	-14	48
-38	-12	46

// Walter H, 2007: Load 1 > Simple Reaction, Normals
// Subjects=17
-36	-81	-12
42	-69	-24
-42	-42	45
-51	3	36
-24	69	54
33	-63	54

// Walter H, 2007: Load 2 > Simple Reaction, Normals
// Subjects=17
-51	3	36
21	-66	60
30	-66	-27
30	-3	66
-33	-69	-24
-39	24	0
33	24	3
-21	0	9
42	36	24
-42	24	27
12	-75	-21

// Walter H, 2007: Load 3 > Simple Reaction, Normals
// Subjects=17
-18	-69	57
-51	3	36
24	-66	60
39	39	24
54	12	30
24	-63	6
-39	-42	-36
-66	-15	18
-33	51	18
-33	-39	-42

// Sheridan M A, 2007: Encoding, Normals
// Subjects=10
12	-82	-10
-46	-56	-26
38	-42	44
-34	-60	34
16	16	22
30	38	16
-38	36	22
-8	32	16

// Sheridan M A, 2007: Retrieval, Normals
// Subjects=10
36	-58	-20
-22	-46	-10
-18	12	14
-12	-18	4
6	-14	2
8	28	20
-32	16	6
38	12	-8
-54	-10	-4
32	42	16
-52	36	4
-48	-26	38

// Sheridan M A, 2007: Encoding, High Load > Low Load, Normals
// Subjects=10
22	-72	-10
38	28	2

// Prado J, 2007: Verification: 2-Mismatch > 1-Mismatch > 0-Mismatch
// Subjects=20
49.96	21.45	22.7
11.4	18.28	48.32
34.23	-57.13	44.19
-8.21	-96.76	12.97
17.51	-89.51	-2.75
-52.61	34.68	32.1
-33.84	-47.59	46.64
49.96	21.45	22.7
11.4	18.28	48.32
34.23	-57.13	44.19

// Prado J, 2007: Falsification: 2-Mismatch > 1-Mismatch > 0-Mismatch
// Subjects=20
-8.23	-96.97	10.75
23.99	-89.49	-2.86
49.95	24.64	22.38
11.36	17.97	44.99
-30.58	10.56	59.88
34.22	-53.94	43.87

// Prado J, 2007: Affirmative Throughout: 1-Mismatch > 0-Mismatch
// Subjects=20
-44.14	35.59	18.42
-40.41	15.22	52.87
-17.71	6.58	51.09
-36.91	-59.43	57.95
-40.32	-29.01	50.52
-30.63	-57.67	41.98
58.66	25.19	27.78
53.39	7.51	34.1
53.11	24.03	15.66
14.56	20.96	42.4
1.6	27.51	44.21
11.19	38.62	36.23
27.74	-53.96	43.98
34.3	-56.61	49.74
34.47	-47.71	64.54
-21.83	25.22	-13.43

// Prado J, 2007: Verification, Hits Only: 2-Mismatch > 1-Mismatch > 
// Subjects=20
46.64	20.82	16.09
8.09	24.34	44.41
42.85	56.08	-19.83
24.14	-97.17	6.86
-24.64	-73.39	-.27
-1.46	-77.23	37.82
-44.09	33.78	21.96
-49.2	14.05	40.81
-43.87	28.85	38.13
-40.16	-49.66	59.28
-33.77	-51.43	51.5
-1.3	-59.61	54
37.56	-49.9	52.38
50.41	-37.61	45.34

// Mayer J S, 2007: Common Activation, WM Load
// Subjects=18
48.38	13.16	36.65
49.26	37.61	22.32
42.79	33.62	12.69
57.89	13.25	23.15
-20.88	-7.11	55.87
32.57	-1.08	60.33
-43.37	-5.56	50.43
44.3	0.85	56.69
-46.65	0.16	42.18
51.6	10.01	36.88
-3.85	10.96	54.16
5.78	13.31	56.09
35.32	18.35	8.49
-29.94	25.9	1.91
-18.51	-62.89	63.87
31.65	-62.21	54.32
-39.04	-39	44.26
37.95	-52.29	44.49
-15.34	-64.35	58.38
-19.72	-72.09	41.24
28.33	-65.63	37.91
-24.18	-92.75	8.45
29.21	-90.66	3.2
-41.46	-78.19	-8.19
-41.49	-61.02	-6.28
43.96	-61.9	-11.65
-24.11	-82.12	22.05
37.87	-81.75	21.31
-20.78	-81.87	38.72
40.91	-77.9	2
12.07	-86.79	-.27
-7.37	-24.18	-.84
8.67	-20.74	0.92

// Mayer J S, 2007: Common Activation, Attentional Demand
// Subjects=18
48.38	13.16	36.65
49.26	37.61	22.32
42.79	33.62	12.69
57.89	13.25	23.15
-20.88	-7.11	55.87
32.57	-1.08	60.33
-43.37	-5.56	50.43
44.3	0.85	56.69
-46.65	0.16	42.18
51.6	10.01	36.88
-3.85	10.96	54.16
5.78	13.31	56.09
35.32	18.35	8.49
-29.94	25.9	1.91
-18.51	-62.89	63.87
31.65	-62.21	54.32
-39.04	-39	44.26
37.95	-52.29	44.49
-15.34	-64.35	58.38
-19.72	-72.09	41.24
28.33	-65.63	37.91
-24.18	-92.75	8.45
29.21	-90.66	3.2
-41.46	-78.19	-8.19
-41.49	-61.02	-6.28
43.96	-61.9	-11.65
-24.11	-82.12	22.05
37.87	-81.75	21.31
-20.78	-81.87	38.72
40.91	-77.9	2
12.07	-86.79	-.27
-7.37	-24.18	-.84
8.67	-20.74	0.92

// Mayer J S, 2007: Common Activation, 2-Way Interaction
// Subjects=18
-20.88	-7.11	55.87
-43.37	-5.56	50.43
44.3	0.85	56.69
-46.65	0.16	42.18
51.6	10.01	36.88
-3.85	10.96	54.16
5.78	13.31	56.09
-18.51	-62.89	63.87
31.65	-62.21	54.32
-39.04	-39	44.26
37.95	-52.29	44.49
-15.34	-64.35	58.38
-19.72	-72.09	41.24
28.33	-65.63	37.91
-24.18	-92.75	8.45
29.21	-90.66	3.2
-41.46	-78.19	-8.19
-41.49	-61.02	-6.28
43.96	-61.9	-11.65
-24.11	-82.12	22.05
37.87	-81.75	21.31
-20.78	-81.87	38.72
40.91	-77.9	2
12.07	-86.79	-.27

// Mayer J S, 2007: Common Activation, 3-Way Interaction
// Subjects=18
-46.65	0.16	42.18
-3.85	10.96	54.16
5.78	13.31	56.09
-19.72	-72.09	41.24
28.33	-65.63	37.91
43.96	-61.9	-11.65
-24.11	-82.12	22.05
37.87	-81.75	21.31
-20.78	-81.87	38.72
40.91	-77.9	2
12.07	-86.79	-.27

// Mayer J S, 2007: Working Memory Selective, WM Load
// Subjects=18
-41.59	36.81	20.09
-49	25.47	25.58
-54.51	21.53	2.56
-52.94	-34.86	44.07
-49.99	-63.81	-.37
57.78	-47.28	-16.38
-45.85	-51.95	-12.57
55.63	-48.43	-17.37
-52.23	-49.54	-8.24
53.63	-50.42	-1.57

// Mayer J S, 2007: Working Memory Selective, 2-Way Interaction
// Subjects=18
-41.59	36.81	20.09
-49	25.47	25.58
-54.51	21.53	2.56
-52.94	-34.86	44.07
-49.99	-63.81	-.37
57.78	-47.28	-16.38
-45.85	-51.95	-12.57
55.63	-48.43	-17.37

// Mayer J S, 2007: Working Memory Selective, 3-Way Interaction
// Subjects=18
-49	25.47	25.58
-49.99	-63.81	-.37

// Mayer J S, 2007: Attention Selective, Attentional Demand
// Subjects=18
45.03	28.15	24.28
40.6	36.36	6.91
-21.21	-50.06	-4.09
21.6	-47.01	4.09
-14.74	-56.03	0.8
15.22	-59.82	4.12
19.59	-72.06	10.67

// Postle B R, 2007: Location Memory, Rest vs. Rest
// Subjects=12
29	14	48
-20	-28	36
13	-29	30
13	36	22
-9	-17	11
-22	-57	3
42	-52	-4
39	-49	-8
-43	-49	-8
-44	-44	-36

// Postle B R, 2007: Object Memory, Rest vs. Rest
// Subjects=12
-36	10	42
-5	-3	38
47	-7	38
-38	-10	38
31	-48	34
-9	1	26
13	18	26
42	6	26
23	-23	26
-31	-23	23
-47	11	24
38	22	23
54	14	19
-43	27	15
43	34	12
16	14	12
38	-3	7
-58	-26	1
-36	6	-4
46	24	-4
-9	-61	-8
-3	-7	-11
13	7	-12
-31	18	-12
-21	-56	-21
-43	-28	-21
42	14	-21
31	-11	-24
4	-21	-26
38	-26	-31

// Dolcos F, 2006: Emotional - Scrambled Pictures
// Subjects=15
50.27	43.53	16.24
-35.15	33.84	22.49
50.78	-52.21	44.34
-54.99	-52.59	48.93
5.76	-26.47	37.12
20.25	27	-2.1
57.7	32.14	5.96
-52.43	29.74	-1.5
3.03	13.56	-23.08
43.86	-11.35	-4.73
24.49	-.78	-17.67
-22.51	-4.23	-16.84
30.96	-14.4	-15.48
-24.59	-12.36	-11.67
1.02	0.57	-11.93
3.3	-14.42	0.45

// Dolcos F, 2006: Neutral - Scrambled Pictures
// Subjects=15
50.27	43.53	16.24
-35.15	33.84	22.49
50.78	-52.21	44.34
-54.99	-52.59	48.93
5.76	-26.47	37.12
20.25	27	-2.1
57.7	32.14	5.96
-52.43	29.74	-1.5
3.03	13.56	-23.08
43.86	-11.35	-4.73
24.49	-.78	-17.67
-22.51	-4.23	-16.84
30.96	-14.4	-15.48
-24.59	-12.36	-11.67
1.02	0.57	-11.93
3.3	-14.42	0.45

// Dolcos F, 2006: Emotional - Neutral Pictures
// Subjects=15
50.27	43.53	16.24
50.78	-52.21	44.34
20.25	27	-2.1
57.7	32.14	5.96
-22.51	-4.23	-16.84
30.96	-14.4	-15.48
-24.59	-12.36	-11.67
24.49	-.78	-17.67

// Malhi G S, 2007: Negative vs. Neutral Words; Normals
// Subjects=10
14	58	20
16	42	34
-12	48	34
-34	22	-6
-38	24	4
-44	20	12
-8	-54	20
40	10	-22
40	6	-12
-42	10	-22
-48	-2	-6
-44	6	-12
-42	-46	6
-38	-62	20
-40	-22	-4
12	2	-4
-8	4	4
14	-40	44

// Malhi G S, 2007: Positive vs. Neutral Words; Healthy Subjects
// Subjects=10
46	26	2
-36	24	6
-32	18	-8
-4	48	38
-2	56	20
60	-6	20
-2	-44	20
64	-30	6
-36	2	-20
-36	2	-30
-46	-60	20
46	-2	-30
-56	-20	-8
-52	-48	2
-40	20	2
-34	-72	-12
-14	-54	-42
32	-66	-30

// Ferrandez A M, 2003: Duration > Detect
// Subjects=11
-48	6	48
9	27	48
-48	12	33
51	21	27
45	57	6
-39	9	30
45	9	36
-33	30	3
36	33	0
-9	33	27
-42	-36	42
39	-45	42
-51	-42	9
54	-39	6
-15	6	6
18	3	12
3	-51	-18
6	-18	-9
12	6	9
9	-3	6

// Ferrandez A M, 2003: Intensity > Detect
// Subjects=11
-36	3	57
9	33	45
-42	27	27
45	12	33
-39	45	12
-42	9	33
-30	33	3
36	33	0
-12	36	24
-42	-36	42
36	-51	48
51	-24	-3
39	-72	-9
-21	3	9
21	3	9
0	-48	-18
6	-21	-9
-12	9	6
15	9	15
-18	-9	15
9	-12	12

// Ferrandez A M, 2003: (Duration - Detect) - (Intensity - Detect)
// Subjects=11
-51	15	0
51	30	0
-54	12	18
-3	9	63
6	18	57
-48	3	48
36	21	6
-54	-48	9
57	-42	12
-60	-36	27
60	-33	30
-24	3	6

// Ferrandez A M, 2003: (Intensity - Detect) - (Duration - Detect)
// Subjects=11
-27	-66	36
3	-66	33
-30	-42	-18
45	-54	-12
42	-69	30
-18	45	45
-6	57	6
-27	-21	-9
18	-27	6
0	-12	12
-24	-27	-3
27	-27	-6

// Hou C, 2007: Recall, Trauma > Recall, Neutral, Normals (Increases)
// Subjects=7
3	-39	24
-3	60	-18
-3	33	39
-12	63	27
-21	63	15
48	39	33
-51	27	-12
15	-30	12
18	-15	18
-66	-42	-3
-24	-15	0
21	-6	3
9	9	6
-9	6	6
18	-99	-15

// Hou C, 2007: Recall > Passive Viewing, Normals
// Subjects=7
-3	-6	30
6	-36	24
3	27	60
-42	0	12
42	-33	6
69	-12	9
-12	-27	15
9	9	6
3	3	3
15	-90	9
12	-93	0

// Gruber O, 2010: Memory Articulatory Rehearsal > Non-Articulatory 
// Subjects=18
-56	8	20
-4	4	60
-48	-4	44
56	0	44
-24	-64	40
28	-48	36
-20	-52	-32
24	-64	-28
-16	-12	24
20	4	20
-52	-40	12
-48	-48	-24
32	0	48
40	48	28

// Gruber O, 2010: Non-Articulatory Phonological Maintenance > Memory 
// Subjects=18
-36	52	12
36	44	28
-44	-40	40
48	-40	40
0	12	52
-28	-60	40
32	-56	44
-40	16	-4
32	24	-4
-36	-56	-36
24	-64	-28
-16	-4	16
20	4	16
-44	8	24
-48	-56	-16
-4	-24	-16

// LoPresti M L, 2008: Active Maintenance Analysis, DMS vs. Number 
// Subjects=19
-46	26	-6
-40	56	14
-44	30	8
-26	32	8
54	6	46
-40	2	32
0	20	48
-18	-16	-20
-18	-4	-20
-32	-30	-8
34	-46	-4
-50	-50	52
-42	-54	-28
-2	-82	-30

// LoPresti M L, 2008: Face Processing Analysis, DMS vs. Number 
// Subjects=19
50	-74	-14
58	-62	-10
28	-82	18
24	-80	-14
50	-36	0
-40	-74	-14
-40	-60	-18
-52	-46	4
40	30	-8
50	38	6
34	28	2
-50	22	-6
-46	16	22
-32	26	0
2	30	44
10	20	36
6	38	18
-16	-36	-6
16	-36	-6
-18	-4	-16
20	2	-20
-36	-52	42
40	-52	48
0	-52	-44
-6	-80	-38

// Kanayama G, 2004: Short-Delay Response > Rest, Healthy Controls
// Subjects=10
54	20	32
-48	8	36
-36	8	56
2	12	52
50	24	-14
12	-4	14
-12	-6	14

// Smith Y R, 2006: Working Memory (4-sec Delay) - Working Memory (1-sec 
// Subjects=10
-42	6	29
-44	30	25
45	4	31
-5	14	47
-31	-70	43
27	-61	48
-12	-75	-14
25	-75	-17

// Altamura M, 2007: (3 Letter + 5 Letter + 8 Letter, Long and Short Delay) - 
// Subjects=18
33	37	20
-41	38	24
-40	21	9
40	30	20
33	18	-1
-10	10	49
7	17	48
40	1	27
-29	10	60
-37	-55	47
44	44	51
21	-66	47
-48	-61	-12
-25	0.2	5
-18	-13	11
10	-3	5
3	-66	-11
-29	-67	-21
-10	-23	28
7	-23	28

// Altamura M, 2007: 3 Letters, Short Delay - Arrow Task
// Subjects=18
-10	9	43
-33	-59	47

// Altamura M, 2007: 3 Letters, Long Delay - Arrow Task
// Subjects=18
-10	10	49
-10	23	37
33	18	4
-51	1	27
-25	4	5
-7	-50	-7
-29	-66	42
-48	-62	-6
33	38	25
-3	-23	28

// Altamura M, 2007: 5 Letters, Short Delay - Arrow Task
// Subjects=18
-10	10	49
-51	5	27
10	-62	-11
33	18	-1
7	-13	17
1	-63	-17
-37	-52	41
40	-47	57
-48	8	16
37	37	14
-48	-54	-7

// Altamura M, 2007: 5 Letters, Long Delay - Arrow Task
// Subjects=18
-10	10	49
7	17	48
-40	-52	41
37	-48	46
-44	10	4
-40	-5	44
25	-7	55
37	14	-1
37	40	20
10	-3	5
44	26	15
21	-66	47
-3	-48	-12
-48	-62	-6

// Altamura M, 2007: 8 Letters, Short Delay - Arrow Task
// Subjects=18
-51	4	21
33	2	27
-10	10	49
-44	10	4
7	34	31
-40	21	9
-44	34	20
40	30	26
44	12	27
-3	-55	-22
21	-59	-17
-55	-41	46
48	-41	46
21	-66	47
10	-18	6

// Altamura M, 2007: 8 Letters, Long Delay - Arrow Task
// Subjects=18
-10	16	43
29	-1	53
-3	-1	60
-44	22	26
10	30	31
21	-66	47
14	-9	17
-14	-13	11
10	-3	5
-44	-45	35
33	-52	52
33	21	-1
37	37	20
44	1	33
-44	-62	-6
-40	-66	-17

// Altamura M, 2007: Load Effects
// Subjects=18
-44	22	26
37	37	14
-51	5	27
33	18	-1
-44	-45	35
33	-48	46
1	20	48
-10	10	49
33	-1	55
-37	-5	50

// Altamura M, 2007: Delay Effects
// Subjects=18
-11	8	54
-52	-8	36
-51	4	21

// Shikata E, 2003: Orientation Discrimination vs. Color Discrimination, 
// Subjects=9
-36	-39	39
39	-39	39
-9	-75	54
21	-66	60
-30	-69	54
33	-69	51
-54	-42	45
51	-36	48
45	-24	36
-27	-75	33
36	-75	36
-54	-60	-18
51	-66	-12
-30	-12	57
36	0	60
51	9	27

// Shikata E, 2008: Color Discrimination > Orientation Judgment
// Subjects=11
-39.6	-40.1	44.7
41.2	-40.6	50.2
-15.5	-66.3	58.4
21	-65.7	55.9
-25.6	-57	58.4
26.1	-59.4	57.6

// Han S, 2010: HITs > CRs No-Incentive Condition, Activations
// Subjects=20
-6	26	46
-42	50	4
-4	-44	40
10	-44	40
-18	-78	-6
-6	-72	32
-44	-60	50
-34	-80	46
-8	-2	22
-6	4	14
-6	8	4
8	-2	20
8	12	22
-56	-38	-20

// Han S, 2010: HITs > CRs F-Map All Conditions, Activations
// Subjects=20
-20	-82	-14
16	-70	-6
-8	4	6
-10	6	18
8	4	8
8	12	22
12	8	16
14	-6	22
-8	-26	20
6	-6	2
-2	-28	2
-34	18	2
-6	26	44
-42	44	4
-44	32	20
-28	22	-6
32	26	-8
-30	-68	48
-50	-58	50
-6	-72	36
14	-62	20
-44	-76	40
52	-22	12
-64	-42	-10
-4	-34	30
-6	12	24

// Bell-McGinty S, 2004: PRE > POST Sleep Deprivation
// Subjects=19
28	-69	-12
22	-82	-11
42	-61	-14
-10	-78	-10
-14	-68	-5
-46	-61	-9
-34	-59	-11
-6	-64	5

// Bell-McGinty S, 2004: POST > PRE Sleep Deprivation
// Subjects=19
-38	-10	-6
36	16	3
22	4	0
-51	-10	4

// Chee M W L, 2004: Rested Wakefulness, PLUS > LTR
// Subjects=14
-41.56	28.35	20.8
30.93	53.39	7.83
-48.88	8.01	33.74
-44.38	-43.44	42.46
35.82	-59.96	41.81
-50.02	-52.1	-.24
-10.61	13.84	9.39
11.96	-8.86	16.61

// Chee M W L, 2004: Sleep Deprived, PLUS > LTR
// Subjects=14
-39.44	32.59	20.42
50.47	14.86	30.91
-44.69	8.24	22.52
-41.1	-48.1	50.62
-46.9	-45.27	-8.65
-13.69	-10.07	17.01
11.95	-8.94	15.5

// Chee M W L, 2004: Sleep Deprived, LTR < Rested Wakefulness, LTR
// Subjects=14
-23.03	-64.43	30.6
27.13	-64.72	22.24

// Chee M W L, 2004: Sleep Deprived, PLUS < Rested Wakefulness, PLUS
// Subjects=14
-25.15	-52.21	37.4
-16.54	-64.67	40.58
26.17	-57.02	39.45

// Chee M W L, 2004: Sleep Deprived, PLUS > Rested Wakefulness, PLUS 
// Subjects=14
-42.58	15.74	22.98

// Chee M W L, 2004: Sleep Deprived, PLUS > Rested Wakefulness, PLUS
// Subjects=14
-1.16	59.45	6.57
-7.04	-43.9	33.15

// Habeck C, 2004: PRE to POST Sleep Deprivation Deactivations
// Subjects=18
-14	-62	10
-55	-58	12
-40	-77	13
2	-13	56
-59	-34	26
-51	-30	22
48	-68	7
50	-56	16
46	-5	48
10	-48	58
4	-42	48
40	-80	-3
-34	-83	8
-51	-62	-2
53	-66	9
16	-48	4
-42	41	9
32	-89	4
8	-78	35
59	-20	29
-4	-52	50
57	-21	12
-44	50	-1
6	6	37
-48	17	38

// Habeck C, 2004: PRE to POST Sleep Deprivation Activations
// Subjects=18
14	7	18
16	-13	12
-14	-13	8
10	-9	15
30	-36	-25
-40	-32	-20
4	7	-15
-4	25	30
4	21	27
-2	22	52
-8	8	1
-4	-66	-3
42	-54	-28
24	48	20
12	40	18
-48	-54	-23
-24	-65	-25
24	-69	-27
14	-69	-25
22	-77	-25
32	-14	-16
63	-55	-2
24	12	1
2	-52	-1
12	-50	-34
-22	10	-4
24	-32	-12
57	-53	-18
-46	-48	-23
-10	-73	-27
-42	-48	48
10	-64	-27
-65	-34	-10
-24	-44	-18
-48	-58	-24
20	12	51
-28	-81	-23

// Tomasi D, 2009: Rested Wakefulness, Main Effect
// Subjects=14
0	12	51
-27	-3	60
21	0	57
-51	6	39
36	6	33
-15	-15	12
15	-18	15
-36	15	9
27	18	9
0	-21	-9
-30	-51	54
33	-54	60
-12	-69	57
21	-69	54
-3	-81	-9
12	-72	-15
-33	-72	-12
33	-72	-12
3	-45	-9
12	-57	-30

// Tomasi D, 2009: Rested Wakefulness, Load, 2 Ball to 4 Ball-Tracking
// Subjects=14
36	6	33
-15	-15	12
15	-18	15
0	-21	-9
-30	-51	54
-12	-69	57
3	-45	-9
12	-57	-30

// Tomasi D, 2009: Sleep Deprived, Main Effect
// Subjects=14
0	12	51
-27	-3	60
21	0	57
-51	6	39
36	6	33
-15	-15	12
15	-18	15
-36	15	9
27	18	9
0	-21	-9
-30	-51	54
33	-54	60
-12	-69	57
21	-69	54
-3	-81	-9
12	-72	-15
-33	-72	-12
33	-72	-12
12	-57	-30

// Tomasi D, 2009: Sleep Deprived, Load, 2 Ball to 4 Ball-Tracking
// Subjects=14
0	12	51
-27	-3	60
21	0	57
-51	6	39
36	6	33
0	-21	-9
-30	-51	54
21	-69	54
12	-57	-30

// Tomasi D, 2009: Sleep Deprived > Rested Wakefulness, Main Effect
// Subjects=14
-15	-15	12
15	-18	15
30	-12	15
3	-63	21
-6	-81	18
-9	-36	60

// Volkow N D, 2009: Rested Wakefulness, Main Effect
// Subjects=14
-27	-3	60
21	0	57
-51	6	39
36	6	33
-30	-51	54
33	-54	60
-12	-69	57
21	-69	54
-3	-81	-9
12	-72	-15
-33	-72	-12
33	-72	-12
-15	-15	12
15	-18	15
3	-45	-9
12	-57	-30

// Volkow N D, 2009: Rested Wakefulness, Load, 4 Ball Tracking > 2 Ball 
// Subjects=14
12	-57	-30

// Volkow N D, 2009: Sleep Deprived, Main Effect
// Subjects=14
-27	-3	60
21	0	57
-51	6	39
36	6	33
-30	-51	54
33	-54	60
-12	-69	57
21	-69	54
-3	-81	-9
12	-72	-15
-33	-72	-12
33	-72	-12
-15	-15	12
15	-18	15
12	-57	-30

// Volkow N D, 2009: Sleep Deprived, Load, 4 Ball Tracking > 2 Ball Tracking
// Subjects=14
21	-69	54

// Volkow N D, 2009: Sleep Deprived, Positive Correlation between BOLD 
// Subjects=14
3	-81	-6
27	-72	-18
-12	-72	-18

// Volkow N D, 2009: Sleep Deprived, Negative Corrrelation between BOLD 
// Subjects=14
-12	12	36
42	-21	21
-3	-66	42

// Volkow N D, 2009: Rested Wakefulness, Positive Correlation between BOLD 
// Subjects=14
3	-81	-6
27	-72	-18
-12	-72	-18

// Volkow N D, 2009: Rested Wakefulness, Negative Correlation between BOLD 
// Subjects=14
42	-21	21
-3	-66	42

// Volkow N D, 2009: Sleep Deprived, Positive Correlation between BOLD 
// Subjects=14
3	-81	-6
27	-72	-18
-12	-72	-18

// Volkow N D, 2009: Sleep Deprived, Negative Correlation between BOLD 
// Subjects=14
-12	12	36
42	-21	21
-3	-66	42

// Munk M H J, 2002: What
// Subjects=23
-38.24	-79.15	-7.03
34.4	-70.25	-8.61
-45.74	12.89	27.72
38.58	44.14	25.24

// Munk M H J, 2002: Where
// Subjects=23
-52.15	-65.14	-3.58
47.23	-56.89	-2.07
-47.84	3.36	28.54
49.42	4.11	29.59

// Shulman G L, 2002: Cue Period, Motion > Color Cues
// Subjects=19
-22.82	-65.54	57.45
-31.36	-54.51	63.31

// Shulman G L, 2002: Cue Period, Mixed > Blocked Cues
// Subjects=19
-31.36	-63.31	59.59
-42.56	12.65	24.36
-48.88	15.75	37.55
49.68	-11.89	56.58

// Shulman G L, 2002: Test Period, Motion > Color Cues
// Subjects=19
-14.26	-65.32	59.56
15.66	-63.03	59.03
-8.05	-69.62	30.86
2.77	-68.19	48.46
56.05	-27.69	44.45
41.13	-38.35	45.51
32.59	-42.63	45.97
45.5	-41.7	56.9
34.79	-77.14	39.92
34.73	-66.74	36.82
38.97	-78.14	26.57
-51.07	-70.51	-4.26
51.52	-61.09	-1.77
34.59	-.15	44.62
26.05	6.48	48.62
49.4	2.8	26.36

// Shulman G L, 2002: Test Period, Mixed > Blocked Cues
// Subjects=19
-35.63	-54.53	63.37
-44.55	-3.43	36.88
-44.46	-2.57	47.96
-17.15	-75.33	-42.16

// Chen S H A, 2005: Activations Common to Working Memory and Motoric 
// Subjects=17
-4.74	16.91	44.92
-41.81	-74.9	-24.59
-37.6	-65.47	-31.87
-50.02	8.57	17.83
-1.01	-16.78	0.12
-23.8	-68.49	49.88
26.66	-68.52	-26.72
37.44	-76.18	-22
-3.21	-84.01	-16.28
28.81	-73.92	-20.29
39.28	-57.04	-34.35
5.45	-81.7	-14.97
7.84	-69.19	14.23

// Chen S H A, 2005: Activations Found in Working Memory but not Motoric 
// Subjects=17
-41.91	21	-12.67
-32.41	-45.67	48.67
-41.13	-34.81	36.76
-4.98	27.1	28.79
45.68	19.73	-25.36
41.41	24.69	-20.28
38.18	-37.47	44.08
39.53	36.48	3.79
32.99	49.56	-6.35
46.21	15.04	15.21
26.42	-79.94	-47.78

// Oei N Y L, 2012: Emotional > Neutral Distractors
// Subjects=40
42	-62	-12
-52	-70	12
-36	30	-2
52	30	4
22	-4	-18
-30	-10	-36
54	8	-32
38	0	-16

// Oei N Y L, 2012: Neutral > Emotional Distractors
// Subjects=40
62	-4	-4
-66	-28	8
24	-26	70
-24	-30	66
42	52	-10
0	-70	22
30	-94	-10
-30	22	54
24	38	46
50	28	32
-36	-60	38
46	44	16
54	-38	52
52	-22	56
36	-24	48
-24	34	34
46	-42	38

// Clapp W C, 2010: IS interruptor > DS distractor
// Subjects=22
-41	-13	-30
37	42	20
28	-55	13
-26	-56	-8
43	-47	-11
-23	-91	2
-11	12	6
31	28	3
18	-100	10
6	6	11
25	56	9
-35	-73	9
-12	-8	8
4	46	15
-12	-79	9
40	-63	10
26	5	16
-1	26	19
47	34	27
-42	24	26
6	34	27
40	10	38
13	-69	36
38	-55	34
-39	4	38
1	32	45
36	-51	46
6	51	51
44	-59	53
-2	17	57
4	34	58
-27	-2	71

// Clapp W C, 2010: DS distractor > IS interruptor
// Subjects=22
-41	-66	23
-33	-81	42

// Gazzaley A, 2014: Remember Scenes and Remember Faces > Passive View, 
// Subjects=18
-29	-2	59
-32	43	51
-46	-60	-11
-22	-30	-23
-2	13	54
-38	32	31
-30	20	14
-58	10	-6
2	-51	67
22	-66	61
29	-5	52
-20	-32	-23
14	22	8
32	2	66

// Anderson M C, 2004: Suppression > Respond, Overall contrast, activation
// Subjects=24
-43.72	12.46	46.47
-44.16	33.26	16.41
-40.09	23.75	-5.13
53.49	10.46	42.77
34.06	12.73	45.12
62.74	33.22	10.11
41.98	25.96	-8.99
12.67	13.15	62.25
16.49	24.73	25.18
-19.71	-55.63	51.68
27.74	-58.32	43.29
17.04	-51.04	52.84
-56.36	-32.62	-21.69
54.72	-19.44	-36.09
-48.42	-71.35	-0.06
24.82	10.36	-2.67
18.62	-42.22	9.36

// Anderson M C, 2004: Respond > Suppression, Overall contrast, activation
// Subjects=24
-24.74	65.96	20.68
20.72	58.03	25.18
16.19	66.24	9.88
16.71	48.29	47.5
-33.7	-9.79	-19.85
37.6	-9.54	-21.09
-39.91	-12.1	1.77
53.15	-12.86	11.47
46.43	-13.58	-7.39
-64.55	-21.57	16.58
-9.24	-96.45	16.32
-7.38	-80.03	-3.27
14.61	-103.4	21.08

// Anderson M C, 2004: Suppression > Respond, Regression, Brain areas that 
// Subjects=24
-37.61	44.75	24.12
-32.84	-3.35	48.97
-26.14	-.61	66.52
-38.31	60.28	-27.83
-44.62	64.8	-13.6
-64.61	10.75	17.86
-42.16	25.53	2.57
35.76	44.28	15.08
32.2	-2.53	65.71
53.47	8.13	40.76
48.91	3.05	21.17
-9.44	15.92	24.25
-10.95	-4.39	71.11
3.88	10.91	50.3
-48.65	5.74	-2.08
52.9	12.59	-3.37
-15.26	-64.57	59.21
-30.28	-48.48	71.32
-52.41	-30.61	34.07
-70.85	-27.9	29.64
-43.46	-51.25	53.89
-53.52	-74.61	22.76
30.07	-61.42	55.89
10.73	-59.6	65
4.15	-43.98	60.21
-39.43	-80.74	25.36
-50.81	5.74	-2.05
54.84	14.23	-20.37
55.89	-7.87	-27.17
-39.43	-80.74	25.36
-41.98	-67.28	-2.82
-13.26	-82.17	42.99
-31.5	8.06	-12.69
29.38	-30.48	8.01
15.85	-34.78	-37.27
-27.05	-63.16	-16.93
39.88	-63.34	-22.53
31.07	-67.91	-36.5

// Bledowski C, 2009: Selection
// Subjects=17
-21	-6	51
24	-3	51
-18	-66	57
18	-60	57
42	-36	42
-24	30	36
-21	-30	39
-9	-48	36
6	-45	33
-3	54	-6
18	57	24
18	51	-3
-51	-66	36
-27	0	-21

// Bledowski C, 2009: Updating
// Subjects=17
-24	-3	57
27	-3	54
-18	-66	54
18	-60	57
-33	-39	42
42	-39	54
27	63	12
-21	12	-6

// Mecklinger A, 2003: Interference > Control, Letter task
// Subjects=12
40.75	30.24	24.15
-32.9	14.19	29.69
42.22	-39.14	48.91
7.09	-63.25	56.92

// Mecklinger A, 2003: Interference > Control, Object task
// Subjects=12
44.37	-49.96	46.45

// Nee D E, 2009: Perceptual Selection
// Subjects=18
-28	4	56
-42	-4	44
-48	0	56
-46	30	30
14	0	68
48	4	38
24	-2	52
4	20	44
42	46	26
34	46	24
52	-48	26
58	-48	8
-26	-66	56
-14	-66	54
-32	-84	26
22	-66	58
34	-52	46
26	-60	54
50	-34	2
56	-44	2
-52	-36	0
-60	-52	4
20	-100	-8
28	-98	-14
-16	-102	-6
-20	-96	-12
6	-8	0
18	-82	-30
26	-74	-32
20	-14	-14
18	-2	16

// Nee D E, 2009: Memorial selection
// Subjects=18
-52	20	28
-54	14	22
-48	26	34
-56	10	38
-50	-4	39
-2	18	50
6	28	32
6	8	68
50	8	40
36	4	56
50	36	30
40	46	28
60	14	32
34	26	2
48	14	-4
46	28	2
-30	8	60
-28	8	66
-24	-66	42
-34	-66	50
-36	-50	42
34	-60	42
32	-62	34
36	-44	44
-52	-46	4
-60	-38	0
48	-42	2
52	-34	2
16	-76	-34
-16	-2	4
-40	-70	-36
4	12	20
-6	-84	-26

// Nee D E, 2009: Perceptual and Memorial Selection
// Subjects=18
-25	5	52
-44	32	30
-48	0	48
2	18	44
2	6	60
44	6	44
38	44	26
-56	14	2
-36	28	-4
-38	22	16
36	28	-8
14	30	20
-6	-64	52
-22	-66	52
24	-66	52
-50	-38	42
52	-40	4
-54	-46	2
52	14	-4
-56	16	-14
28	-76	-32
20	2	12
8	-6	2
-14	0	14
-34	-60	-32
-8	-12	0
-18	6	8

// Nee D E, 2009: Perceptual Selection Unique
// Subjects=18
16	-2	64
50	-6	54
18	-60	64
-22	-58	66
54	-44	22
-10	-50	54
-20	-98	-10
22	-98	-8
-32	-84	22
-22	6	0
-6	-34	-46

// Nee D E, 2009: Memory Selection Unique
// Subjects=18
-48	26	12
46	38	18
-2	28	42
38	12	56
34	30	0
10	42	16
-38	-56	44
44	-52	44
0	-74	46
-42	-68	-38
58	-64	-38
46	-58	-38
4	-88	-34
46	-82	-30
6	-30	-22
2	8	20

// Nee D E, 2009: Forget vs Remember Cues, Memory updates
// Subjects=18
58	6	36
-50	12	50
-36	28	26
-44	22	36
-8	26	52
-16	6	70
-8	14	66
-4	40	36
-8	42	28
50	26	26
46	10	48
50	16	32
52	16	42
30	56	2
28	60	10
10	10	68
32	34	-4
50	38	8
12	16	36
-46	-58	56
-42	-66	50
-22	-72	50
-50	-48	52
-36	-52	54
28	-64	58
36	-66	54
44	-60	52
54	-36	42
-24	-60	49

// Nobre A C, 2004: Common Brain Activations to Precues and Retrocures
// Subjects=10
2	-57	54
-9	-51	51
-12	-54	48
9	-60	69
12	-63	60
18	-72	51
39	-42	51
27	-54	45
27	-57	60
15	-60	54
27	-66	39
24	-72	39
33	-81	24
-21	-63	54
-12	-72	45
-15	-60	54
-18	-75	42
-30	-78	30
-39	-75	27
-33	-81	27
-33	-84	21
-39	-48	33
30	6	57
-27	0	57
-42	-3	42
48	-69	-3
-45	-78	-3
-45	-69	-9
-48	-57	-9
0	-87	-3
-6	-21	-9

// Nobre A C, 2004: Precues > Retrocues, Differential Brain Activations
// Subjects=10
33	-87	15
33	-78	15
39	-72	18

// Nobre A C, 2004: Retrocues > Precues, Differential Brain Activations
// Subjects=10
3	-69	51
36	-57	42
33	-57	57
-36	-63	51
-3	24	39
36	24	-12
51	39	21
48	45	21
-54	21	33

// Badgaiyan R D, 2000: Priming > Look-only (rCBF increase)
// Subjects=10
-46.73	-8.27	29.5
42.67	39.03	-0.02
-37.45	41	5.19

// Bahlmann J, 2007: All Conditions vs. Baseline
// Subjects=12
-56	-32	-16
-48	-60	8
-44	12	20
-8	8	60
36	-80	-28

// Bahlmann J, 2007: Noncanonical vs. Canonical
// Subjects=12
-40	-52	28
-44	24	28

// Bahlmann J, 2007: Noncanonical Unambiguous vs. Canonical Unambiguous
// Subjects=12
-40	28	8

// Bahlmann J, 2007: Noncanonical Ambiguous vs. Canonical Ambiguous
// Subjects=12
-40	-52	28

// Barrett N A, 2001: Colour - Control
// Subjects=10
29.03	55.57	-1.61
30.84	58.4	-28.82
43.99	54.37	-15.2
34.24	-69.14	42.01
-15.47	-51.88	45.63
-13.63	-102.41	10.26
-25.46	-86.73	17.88
-46.21	-88.46	0.47
44.51	-79.64	-1.95
-44.31	-35.69	-9.26
38.35	-75.04	24.6
25.1	-31.25	11.52
20.64	20.21	10.99

// Barrett N A, 2001: Pattern - Control
// Subjects=10
33.02	53.09	-28.33
29.94	-75.54	42.72
-58.62	4.9	-22
-9.33	-80.71	12.52
25.29	-95.48	13.39
-41.9	-84.2	-0.02
35.88	-83.92	-1.38
36.33	-80.6	34.15
-24.25	-90.15	27.16
44.82	-86.07	21.1
38.35	-75.04	24.6
26.67	-9.45	-31
22.82	15.96	11.38
29.43	-33.36	11.66
3.19	-83.99	-23.22

// Belger A, 1998: Shape Task > Fixation
// Subjects=18
23.61	57.17	29.9
33.31	40.48	33.42
-34.12	37.91	19.91
45.92	38.42	5.57
-37.43	34.57	4.61
35.36	-55.95	-16.51
-37.33	-57.7	-18.87
47.16	-56.51	-11.02
-44.78	-57.49	-15.46
-56.45	-59.96	-5.08
-59.45	-31.52	32.71
31.54	-50.13	45.5
-35.82	-54.22	39.92

// Belger A, 1998: Location Task > Fixation
// Subjects=18
6.3	49.38	-.48
-1.14	51.97	6.08
-22.43	36.24	10.99
50.2	37.39	5.6
-24.83	44.48	-19.78
7.99	-51.84	39.22
-4.2	-57.51	-19.27
3.65	-39.35	35.99
6.81	-37.64	30.24
51.67	-47.49	22.74
-59.69	-41.66	-2.12
48.59	-56	36.87
-53.03	-62.12	21.82
31.58	-49.7	51.04
-29.31	-60.89	49.33

// Zanto T P, 2011: V4 connectivity, Attend > Ignore
// Subjects=20
-38	30	8
-4	20	40
46	18	4
32	56	14
18	36	40
20	48	-10
44	20	24
38	8	58
-36	4	54
-26	52	-14
-36	-52	42
44	-50	36
36	-70	52
-22	-62	66
8	-60	46
14	-70	62
-50	-22	48
30	-28	48

// Zanto T P, 2011: V5 connectivity: attend > Ignore
// Subjects=20
-36	50	12
-22	0	60
-32	32	16
2	-2	60
58	12	24
4	14	54
-56	8	36
10	10	70
34	-42	38
-8	-66	62
-34	-38	42
-30	-48	60
-44	-42	58
56	-30	52
30	-50	58
18	-62	22

// Grimault S, 2009: Encode 4 > Encode 2
// Subjects=16
-34.73	-56.02	59.82
-15.72	-86.59	18.82
28.7	-71.26	31.11
52.17	-71.23	7.18
46.6	-30.94	2.16
61.68	-42.14	-3.71
-48.9	-19.81	57.6
-24.49	44.87	36.21
-43.97	23.77	29.67
-36.79	46.07	3.81
-49.01	11.76	-29.57
-4.49	3.08	70.26
44.11	-22.05	62.96
12.28	48.5	38.59
7.31	2.49	63.4

// Cao Z, 2014: Animal > Object, p < 0.05
// Subjects=21
-4.8	-41.63	48.55
-45.9	-54.67	-20.14
16.72	-42.16	67.3
-40.52	17.09	12.81
-4.95	-6.99	42.3
45.16	-71.62	0.3
-42.57	-78.71	-14.82
32.37	-87.81	-1.54
5.48	-12.84	6.98
-21.41	-17.08	-18

// Cao Z, 2014: Object > Animal, p < 0.05
// Subjects=21
44.63	49.3	-18.75
-26.62	-54.13	-14.84
28.97	-42.53	-7.52
-40.81	49.22	-12.19
-45.46	-33.67	45
32.75	-67.41	55.85
-51.11	-58.87	-5.23

// Cao Z, 2014: Negative > Neutral, p < 0.05
// Subjects=21
-40.77	27.64	-15.95
59.11	-18.21	29.12
48.46	4.16	44.1
-45.9	33.18	14.87
-8.09	-28.33	41.89
-42.39	-2.1	40.09
33.8	20.23	-49.65
50.11	32.04	-8.45
27.3	-46.55	50.82
37.96	-32.48	52.87
-24.62	-6.1	-13.31
23.45	-.53	-14.33
31.87	-1.76	-31.05
12.89	-15.77	-4.01

// Cao Z, 2014: Neutral > Negative, p < 0.05
// Subjects=21
39.3	52.7	-15.63
44.89	46.41	12.71
27.05	27.72	47.94
45.39	-54.87	37.93
-36.83	-60.22	44.9
58.73	-22.06	-20.74

// Cao Z, 2014: Human > Nonhuman, p < 0.05
// Subjects=21
48.19	25.45	16.66
-42.56	20.31	27.06
10.71	57.38	19.99
-3.45	38.01	-22.83
-3.05	56.47	36.96
-58.46	-24.63	25.43
23.74	-55.71	1.45
23.49	-5.56	-10.56
-19.24	-8.98	-9.78
-24.72	3.87	-21.95
44.78	-17.29	-26.55
-13.87	-80.08	-35.11
60.78	1.21	-22.71
-40.83	-2.62	-35.72
48.39	-62.54	7.31

// Cao Z, 2014: Nonhuman > Human, p < 0.05
// Subjects=21
23.83	-95.44	-3.03
7.82	-89.82	2.26
45.39	-49.41	39.7

// Cao Z, 2014: Category x Affect, p < 0.05
// Subjects=21
-16.09	56.36	9.23
21.15	65.88	-8.72
-26.89	60.56	-4.38
61.18	8.67	32.42
60.99	-2.19	2.11
-4.94	11.84	51.87
-13.76	50.69	31.99
-5.43	59.43	6.62
-14	42.66	-3.02
5.88	-80.11	31.58
-53.59	3.44	-24.93
-40.21	-59.84	22.6
-51.5	14.03	-25.84
-32.12	-6.32	-15.44
-13.96	-4.09	-15.83

// Cao Z, 2014: Category x Context, p < 0.05
// Subjects=21
48.34	-71.85	-3.06
-10.1	-63.24	44.84
13.38	-54.64	43.85
-24.4	-42.25	0.87
42.81	-46.31	-16.29
-45.96	-42.15	-23.42
-10.85	-18.3	-34.75
39.66	-37.01	-5.88
-15.82	-39.66	6.13
-26.78	-22.83	-23.03
-26.81	-1.17	-18.16

// Cao Z, 2014: Affect x Context, p < 0.05
// Subjects=21
-53.3	17.44	18.5
42.87	25.68	20.05
-16.06	54.51	12.73
34	31.09	-19.33
-30.1	30.88	-16.35
0.2	40.45	36.03
-20.96	17.29	54.94
-34.83	-1.2	51.08
-26.67	24.41	9.8
29.03	-80.4	-15.5
-15.89	-81.1	-20.5
2.51	-70.84	14.11
29.36	-52.85	37.94
-21.14	-91.1	-11.8
-34.78	-77.61	26.26
48.22	-64.25	-14.85
23.59	-37.53	-11.23
39.32	3.4	-33.8
-47.98	-26.7	-2.39
-3.26	-25.86	-23.05
-10.58	-10.02	3.59
-24.56	-71.43	-32.37
-21.37	-5.65	-7.81

// Cao Z, 2014: Category x Affect x Context, p < 0.05
// Subjects=21
-35.49	43.53	-17.35
58.87	25.52	16.54
45.16	19.58	37.26
-18.48	-50.57	71.76
-13.33	-32.79	53.48
-19.36	0.73	-21.75

// Cao Z, 2014: Negative > Neutral, p < 0.001
// Subjects=21
-21.4	-9.25	-13.08
23.46	-3.7	-14.06

// Cao Z, 2014: Human > Nonhuman, p < 0.001
// Subjects=21
-19.23	-11.1	-9.61
23.49	-5.56	-10.56

// Cao Z, 2014: Negative > Neutral, p < 0.01
// Subjects=21
21.27	-.97	-19.84

// Cao Z, 2014: Neutral > Negative, p < 0.001
// Subjects=21
-32.14	-6.57	-18.76

// Cao Z, 2014: Animal > Object, p < 0.03
// Subjects=21
-26.88	0.26	-27.2

// Cao Z, 2014: Animal > Object, p < 0.01
// Subjects=21
23.33	3.73	-28.07

// Cao Z, 2014: Object > Animal, p < 0.01
// Subjects=21
-29.96	-11.59	-15.02

// Cao Z, 2014: Object > Animal, p < 0.002
// Subjects=21
23.4	1.16	-20.05

// Cao Z, 2014: Animal > Object, p < 0.005
// Subjects=21
21.27	-.97	-19.84

// Cao Z, 2014: Animal > Object, p < 0.001
// Subjects=21
-19.32	-6.5	-18.91
-3.41	54.98	-9.75

// Cao Z, 2014: Human > Object, Neutral;  p < 0.02
// Subjects=21
-19.28	-3.95	-13.55

// Cao Z, 2014: Object > Animal, Negative;  p < 0.02
// Subjects=21
28.67	-1.78	-31.01

// Cao Z, 2014: Animal > Object, Negative; p < 0.001
// Subjects=21
50.67	-66.53	24.35
-10.16	-36.37	48.17
-13.19	-56.51	63.27
64.34	10.37	26.66

// Cao Z, 2014: Object > Animal, Negative; p < 0.001
// Subjects=21
-51.16	-46.19	-6.3
42.99	4.96	27.36
-48.25	49.6	-6.56
42.5	49.29	-18.73

// Cao Z, 2014: Object > Animal, Negative; p < 0.002
// Subjects=21
-40.14	-31.69	42.54

// Cao Z, 2014: Object > Animal, Negative; p < 0.005
// Subjects=21
-42.18	-41.68	51.21

// Cao Z, 2014: Negative > Neutral, p < 0.005
// Subjects=21
-4.47	47.32	-12.45

// Cao Z, 2014: Human > Nonhuman, p < 0.005
// Subjects=21
6.15	48.9	-20.51

// O'Hare E D, 2009: Control Group Mean
// Subjects=20
32.76	20.59	3.74
49.87	-63.92	-34.97

// Reilhac C, 2012: Sub-id > Baseline, Controls, p < 0.001
// Subjects=12
-48	25	1

// Reilhac C, 2012: Sub-id > Baseline, Controls, p < 0.005
// Subjects=12
-44	-41	30
-40	-50	54

// Reilhac C, 2012: Sub-dif > Baseline, Controls, p < 0.001
// Subjects=12
-22	-63	53
-50	-35	48
30	-47	32
30	-48	50
26	-71	50
38	-38	48
-63	-18	23
51	5	-9
-46	13	-6
-48	-22	-16
-48	-37	-2
-55	-49	-16
53	18	40
53	32	15
42	55	8
-51	12	40
-36	36	13
-59	16	18
36	-2	44
34	-63	-19
-38	-63	-19

// Reilhac C, 2012: Sub-dif > Frame-dif, Controls, p < 0.001
// Subjects=12
24	-71	48
32	-60	49
63	-32	20
-20	-64	49
-30	-47	32
-40	-55	34
-22	-62	34
-36	-11	-21
-38	32	11
-36	47	-2
22	35	0
48	47	7
53	19	38
-26	-38	-32

// Picchioni M, 2007: Common Activations Associated with Correct Answers
// Subjects=14
-29.75	-83.04	-16.84
27.94	-78.46	-17.88
-22.23	-82.56	-11.39
32.21	-66.38	-13.37
32.33	-84.9	-5.13
-22.21	-73.59	-5.45
8.6	-26.88	-9.72
-30.07	27.88	-13.87
43.69	20.92	-14.13
35.17	24.46	-8.75
-30.01	24.07	-7.97
16.35	-72.42	6.28
12.84	8.98	-.51
-6.29	-18.62	2.03
12.98	-18.08	7.34
20.39	2.05	5.56
16.39	-71.99	11.82
47.23	7.9	23.72
-48.95	7.32	24.88
44.21	-30.81	32.58
-44.57	4.06	37.37
-25.13	-50.81	41.74
32.67	-73.72	43
5.6	20.22	35.43
51.65	5.07	41.75
1.4	12.17	41.73
32.51	-6.17	49.61
-32.6	-14.59	56.64

// Picchioni M, 2007: Increased Neural Response Associated with Correct 
// Subjects=14
12.77	-47.77	-32.55
5.23	-20.95	-29.14
-6.36	-51.17	-19.78
-25.67	-32.26	-21.14
-10.44	-77.75	-5.23
20.67	-84.02	7.2
-10.27	-88.01	13.47
20.7	-68.28	18.15
16.51	-79.51	24.71
12.9	42.59	21.21
-10.45	24.36	35.27
-25.17	-27.12	45.33
-2.89	28.52	47.1
-17.54	-40.93	58.67
-13.33	-26.1	57.38

// Picchioni M, 2007: WM Simultaneous > WM 4
// Subjects=14
35.27	-63.5	-31.49
-41.64	-60.36	-25.29
32.23	-82.67	-17.58
-32.9	-85.8	-10.99
28.06	-84.92	-5.07
-6.27	-38.17	-3.02
-41.34	-76.99	7.32
13.03	-41.77	3.75
8.72	-21.28	7.65
16.28	-41.32	9.25
-17.65	-87.11	25.74
28.36	-78.49	36.76
32.6	-70.01	36

// Picchioni M, 2007: WM Simultanous < WM 4
// Subjects=14
1.16	-62.76	-18.89
-3.07	-62.36	-13.3
12.93	-54.86	-14.11
-10.5	-61.89	-6.56
16.17	-50.1	-7.86

// Picchioni M, 2007: WM Simultaneous > WM 12
// Subjects=14
-25.45	-90.41	-16.27
32.23	-82.67	-17.58
-44.71	-71.07	-12.09
47.24	-70	-6.55
-41.41	-73.28	0.32
39.87	-76.51	6.35
24.59	9.05	-.65
8.72	-21.28	7.65
13.12	-40.83	15.93
1.1	62.87	22.99

// Picchioni M, 2007: WM Simultaneous < WM 12
// Subjects=14
5.4	-67.48	-25.24
-10.53	-78.69	-17.42
-13.84	-39.16	-15.12
-10.41	-85.15	-4.61
-2.83	-76.33	12.4
-6.41	37.3	9.61
16.02	41.67	8.98
20.3	49.52	13.85
-17.68	-30.24	45.51
-25.09	-34	52.6

// Picchioni M, 2007: WM 4 < WM 12
// Subjects=14
20.38	-71.62	-25.06
-18.06	-67.11	-18.31
5.37	-19.5	-10.3
12.67	28.13	-14.38
1	16.86	-7.72
-22.11	-89.02	1.42
13.11	-77.18	0.02
-2.89	-72.53	6.51
55.8	-48.92	3.85
59.05	-48.47	9.36
-10.32	-72.15	12.14
20.7	-68.28	18.15
20.82	-74.74	30.96
5.42	54.6	25.86
5.91	-62.25	42.35

// Picchioni M, 2007: WM 12, Correct > Incorrect
// Subjects=14
-14.04	-48.87	-44.42
39.56	-55.64	-26.62
43.95	-62.08	-13.86
16.26	-73.36	-5.91
-25.74	24.1	-8.02
-3.33	32.69	-9
5.28	29.03	-2.1
-33.2	33.03	-2
32.07	22.22	3.74
20.72	-87.83	13.1
-5.99	-75.84	19.09
39.58	25.95	10.03
32.1	37.96	14.68
28.36	-78.49	36.76
-17.51	-61.45	54.82
1.72	-61.34	54.59

