// Reference=MNI
// Arnow B A, 2002: Turgidity-Correlated Activations: Positive Correlations
// Subjects=11
-22.5	16.55	-.46
-29.22	12.19	-3.05
-20.58	27.53	-.24
-7.51	33.6	0.85
45.93	7.47	-8.35
37.67	11.81	-10.88
31.58	-7.2	15.76
42.08	-9.45	-8.85
29.46	-17.85	16.85
44.12	-8.14	-17.98
5.7	37.71	29.12
14.31	25.68	24.01
18.74	41.83	35.78
1.41	23.93	28.88
46.49	11.77	36.49
57.57	-.11	21.34
50.59	-67.22	11.07

// Buccino G, 2001: Mouth with Object Film - Static Mouth
// Subjects=20
48	0	32
-56	0	36
60	8	24
-64	12	20
60	16	20
52	-24	20
52	-32	44
-36	-52	56
-60	-24	36

// Buccino G, 2001: Mouth Film - Static Mouth
// Subjects=20
52	0	32
-52	4	44
56	12	16
-60	16	16
60	28	20

// Buccino G, 2001: Hand with Object Film - Static Hand
// Subjects=20
48	0	44
-56	-4	44
56	12	12
-64	4	24
40	-40	52
-36	-40	52

// Buccino G, 2001: Hand Film - Static Hand
// Subjects=20
52	0	48
-60	-4	40

// Buccino G, 2001: Foot with Object Film - Static Foot
// Subjects=20
40	-4	60
-32	-8	64
24	-60	68
-32	-64	60

// Buccino G, 2001: Foot Film - Static Foot
// Subjects=20
44	-4	56
-40	-4	60

// Calvert G A, 2003: Moving Speech vs. Closed Mouth
// Subjects=8
-44	-66	-10
48	-64	-10
-24	-96	-2
28	-88	0
-28	-74	18
30	-74	18
-44	-68	-6
46	-62	-4
-54	-14	10
-50	-38	12
58	-34	12
-48	-46	4
54	-50	4
-56	-44	2
52	-54	2
-32	-52	40
34	-48	40
-32	-58	46
28	-56	50
-48	26	6
44	12	22
-40	10	26
44	14	24
-2	22	48
4	6	56
-44	-4	42
46	2	44
-38	-70	-28
8	-80	-32
-12	-14	2
-16	-18	2

// Calvert G A, 2003: Moving > Stilled Speech
// Subjects=8
-30	-92	-4
24	-90	-4
-42	-68	-4
44	-62	-4
-48	-34	20
54	-36	16
-48	-50	4
58	-30	6
-54	-52	0
54	-48	0
-50	-38	26
-32	-48	56
-34	24	-6
40	28	-10
-40	10	26
-2	-2	58
-36	-2	52
-14	-80	-32
10	-80	-26
-12	-14	2
10	-14	2

// Olson I R, 2002: Synchronized Audio Visual - Static Visual
// Subjects=10
52.49	26.88	20.96
-54.46	15.44	6.42
-54.62	13.72	-15.74
52.23	14.28	-18.13
53.75	9.05	38.05
-58.47	8.21	37.18
-25.51	-2.11	10.9
-21.38	-12.34	-11.71
-6.3	-18.71	0.92
63.28	-37.87	8.42
-61.77	-38.88	6.59

// Olson I R, 2002: Moving Visual - Static Visual
// Subjects=10
45.06	17.49	24.06
-49.8	9.55	53.69
49.41	8.43	30.34
-4.92	9.81	53.16
-55.58	-3.83	-8.68
-26.63	-2.63	4.27
63.29	-37.79	9.53

// Olson I R, 2002: Synchronized Audio Visual - Desynchronized Audio Visual
// Subjects=10
-39.7	3.53	-25.1
-28.76	-19.02	-1.03

// Beauregard M, 2001: Sexual Arousal > Neutral
// Subjects=10
-50.52	-75.3	3.73
56.28	-69.48	-8.76
34.19	-69.45	38.68
31.28	-52.83	67.34
-30.32	-49.86	68.1
-24.25	-85.79	27.85

// Beauregard M, 2001: Sexual Arousal Inhibition > Neutral Inhibition
// Subjects=10
-50.57	-75.61	0.4
49.99	-74.64	5.31
34.27	-77.65	42.85
-27.16	-50.47	61.38
-21.01	-85.78	27.79
34.5	-49.63	66.97
-60.16	13.93	28.68

// Karama S, 2002: Erotic - Neutral Film (Males)
// Subjects=20
-2	55	18
2	61	15
-48	21	-8
44	20	-20
-2	15	23
2	21	23
-2	-13	10
4	-13	10
-4	-5	-15
4	-5	-15
-40	9	-11
40	9	-14
-24	-4	-4
20	-4	-6
-18	-8	-16
14	-9	-18
-51	-54	16
50	-54	3

// Karama S, 2002: Erotic - Neutral Film (Females)
// Subjects=20
-4	53	3
2	58	-1
-36	18	-19
51	19	-12
-2	15	21
4	19	21
-32	9	-16
30	9	-18
-18	-5	-6
16	-5	-4
-18	-1	-22
18	-1	-20
-59	-55	23
61	-55	12

// Brass M, 2001: Congruent vs. Incongruent
// Subjects=10
7.39	64.96	8.24
39.62	42.84	22
-23.26	34.23	40.17
39.18	-42.99	68.23
2.85	-78.33	54.88

// Beauregard M, 1998: Emotionally Laden vs. Neutral Film, Control Patients
// Subjects=7
0	44	32
4	62	30
-40	-66	-22
56	-74	4
18	42	48
-2	45	20
-42	-48	-14
2	12	8
-4	-86	38
-12	-84	44
-2	-80	48
52	40	-10
46	-72	2

// Lane R D, 1997: Happiness During Film & Recall
// Subjects=12
9.64	51.92	18.23
-3.19	53.95	18.21
-9.25	-3.93	40.98
52.6	-40.14	7.62
-41.33	-52.7	18.67
43.52	18.06	-37.31
-35.45	7.7	-26.61
-5.32	-3.1	-3.75

// Lane R D, 1997: Sadness During Film & Recall
// Subjects=12
-1	50.08	22.97
14.05	-28.02	2.58
-9.47	-26.05	2.69
-52.09	-60.14	6.03
39.34	10.26	-27.68
-32.94	9.36	22.29
7.47	-12.17	-12.05
24.6	-55.73	-26.44
3.26	-57.63	-21.58
13.91	-9.67	-7.88
-9.56	-20.39	-6.71
24.54	5.2	-9.25
-22.48	4.91	-8.68
-9.58	3.56	0.2

// Lane R D, 1997: Disgust During Film & Recall
// Subjects=12
-3.11	52.52	27.25
9.69	-15.7	-2.86
-3.08	-19.66	2.08
47.83	18.43	-32.93
-35.49	9.47	-31.22
11.78	-11.8	-7.67

// Lane R D, 1997: Happiness During Film
// Subjects=12
3.17	57.88	13.35
-3.18	51.84	18.39
-7.4	1.8	4.79
50.43	-42.61	3.39
-45.63	-55.19	14.47
47.9	8.2	-27.61
-37.63	9.46	-31.19

// Lane R D, 1997: Sadness During Film
// Subjects=12
11.81	54.39	22.46
-9.59	60.6	22.19
-7.28	-21.12	11.17
54.76	-46.47	8.12
-52.06	-57.68	10.29
39.37	1.8	-26.97
-35.44	3.47	-26.26
5.31	-5.84	-12.56
31.01	-55.69	-26.52
-35.15	-72.67	-19.87
1.02	-30.15	-23.85
11.78	-11.8	-7.67
-11.72	-14.05	-7.22
22.37	4.84	-13.65
-13.96	2.51	-13.04
1.06	5.4	-4.53

// Lane R D, 1997: Disgust During Film
// Subjects=12
9.71	-19.93	-2.51
47.87	7.85	-32.04
-33.34	5.25	-30.89
16.01	-10	-12.33

// Redoute J, 2000: Explicit - Emotionally Neutral Film
// Subjects=9
-4	6	36
0	36	10
-16	-8	40
20	40	20
22	32	-16
-28	4	12
32	10	-4
16	14	12
-30	6	-2
30	6	-6
4	-20	6
14	-20	2
-28	-22	8
-68	0	24
-16	-26	72
-72	-24	22
36	-56	70

// Redoute J, 2000: Conjunction 1 Increases
// Subjects=9
-6	6	34
-4	34	16
-16	-8	40
26	40	20
32	10	-2
14	14	14
-30	6	2
30	6	-6
4	-20	6
14	-22	2
-26	-20	10
-66	6	14
-70	-24	26
36	-56	70

// Redoute J, 2000: Conjunction 2 Increases
// Subjects=9
-4	6	32
-2	36	8
-8	-4	36
20	32	-16
30	12	-4
14	16	16
4	-20	6

// Reiman E M, 1997: Film-Generated Emotion minus Film-Control
// Subjects=12
1.11	56.44	22.41
-5.28	-13.67	-2.86
11.84	-17.8	-2.71
-47.77	-53.08	14.32
52.6	-42.25	7.79
-35.4	3.81	-21.82
45.75	10.3	-27.76
-24.65	-4.24	-16.81
18.09	-3.99	-17.32
1	-6.2	-16.94
3.26	-20.31	-6.86
-39.4	-70.23	-15.57
37.45	-55.31	-22.16

// Reiman E M, 1997: Film-Generated Emotion minus Recall-Generated Emotion
// Subjects=12
-39.28	-75.55	-1.74
54.7	-60.18	-4.11
-31.16	3.49	-26.31
39.35	8.14	-27.51
-28.97	-2.5	-21.37
24.47	-4.29	-21.83
-33.23	-13.44	-24.86
37.33	-12.67	-21.28
0.99	-4.09	-17.12
-35.29	-45.52	-26.61
39.52	-45.07	-27.51

// Wheaton K J, 2004: Face Moving vs. Still
// Subjects=12
55.32	-62.06	1.73
67.21	-34.6	7.78
55.29	-43.67	3.28
50.7	-56.61	-20.02
51.17	21.33	32.77

// Wheaton K J, 2004: Hand Moving vs. Still
// Subjects=12
53.11	-62.38	-1.56
-38.16	-37.72	49.1
38.47	-31.48	42.7
61	-11.82	33.64
47	12.57	42.67

// Wheaton K J, 2004: Leg Moving vs. Still
// Subjects=12
46.65	-60.07	0.56
55.29	-43.67	3.28
22.86	-86.61	-6.49
44.21	-61.09	-21.71
45.04	-38.49	47.76
-26.31	-50	43.39
23.39	-50.89	42.63
23.59	-61.45	56
-35.17	-3.55	35.58
62.81	22.79	13.38
42.18	24.12	5.76
-58.04	9.27	24.62
31.83	5.61	38.02
-9.23	22.9	41.49

// Goldin P R, 2005: Sad > Neutral Film
// Subjects=13
1.05	62.35	16.34
1.58	15.11	66.02
44.74	25.15	-14.5
-51.38	28.43	-4.75
49.1	-6.89	-16.32
57.93	-36.93	7.29
69.7	-49.89	3.78
-47	-11.09	-7.06
-5.93	-64.24	31.5
-2.87	-77.82	6.95
-10.44	-70.01	-1.42
-14.78	-58.66	-5.67
17.03	-3.91	-16.2
-16.09	-6.22	-15.63
-2.99	-25.32	11.47
-3.1	-5.57	5.36
-6.22	-62.92	-6.53

// Goldin P R, 2005: Amusing > Neutral Film
// Subjects=13
-2.93	41.29	47.15
-5.99	21.87	57.73
65.49	-40.43	16.41
69.75	-36.18	16.01
37.43	-19.3	-10.69
-14.89	-5.99	1.07

// Goldin P R, 2005: Subject-Specific Regression Analysis Using Sadness Rating
// Subjects=13
-6.45	58.79	12.26
57.76	27.2	10.83
-58.4	-69.01	15.77
65.53	-52.06	17.39
61.25	-44.43	20.14
-2.74	-59.99	31.1
29.1	-86.31	-9.43
-19.06	-58.77	-6.73
45.09	-83.3	-13.21
41.93	-69.69	-2.05
53.73	-82.31	-1.13
-22.49	-7.23	-14.35
-3.1	-6.63	5.45

// Goldin P R, 2005: Subject-Specific Regression Analysis Using Amusement 
// Subjects=13
-58.73	9.95	4.69
-46.83	14.82	25.34
-5.99	21.87	57.73
1.38	41.66	51.53
1.56	18.28	65.75
5.36	50.75	17.26
53.46	13.8	3.08
-18.8	-51.63	30.59
-58.28	-67.72	32.39
-58.76	-6.85	-6.16
53.68	-53.16	4.23
61.03	-25.88	-1.48
33.23	-30.62	-5.23
-6.25	-1.74	13.99
-3.03	-25.66	7.04
5.51	2.82	16.82

// Britton J C, 2006: Nonsocial (Positive + Negative) > Nonsocial Neutral
// Subjects=12
18	-75	-15
18	-99	6
-36	-24	0
24	-9	15

// Britton J C, 2006: Nonsocial Positive (Appetite) > Nonsocial Neutral
// Subjects=12
24	-75	-18
-3	-81	-6
-36	-24	0
33	-15	6
-12	21	33
-9	-9	12

// Britton J C, 2006: Nonsocial Negative (Disgust) > Nonsocial Neutral
// Subjects=12
21	-99	3
33	-15	15
-18	-9	-21

// Britton J C, 2006: Social (Positive + Negative) > Social Neutral
// Subjects=12
-33	-87	-18
39	-87	-18
-48	-12	-12
45	-27	-9
15	-24	45
3	-3	3
-21	9	-15
21	-9	-6
33	-15	-18
-33	-12	-21

// Britton J C, 2006: Social Positive (Joy) > Social Neutral
// Subjects=12
36	-90	-15
-33	-87	-15
42	6	-21
15	60	-12
15	-18	42
-9	6	0
0	-3	3
30	-6	-15
33	-18	-21
6	12	3

// Britton J C, 2006: Social Negative (Sadness) > Social Neutral
// Subjects=12
-48	-12	-9
9	18	33
15	-24	45
3	-3	3
-15	3	-12
39	-12	-27

// Britton J C, 2006: Social > Nonsocial, Emotion (Positive + Negative)
// Subjects=12
57	-21	-15
15	-27	36
18	-12	-18
-9	3	-6

// Britton J C, 2006: Social > Nonsocial, Positive
// Subjects=12
36	-87	-15
51	-57	-3
12	-24	36
30	-3	-15
-6	6	-6
24	-21	-24

// Britton J C, 2006: Social > Nonsocial, Negative
// Subjects=12
-9	-81	-9
-9	30	21
-9	-18	36
15	-9	-18
-9	3	-6
18	-21	-21

// Britton J C, 2006: Nonsocial > Social, Emotion (Positive + Negative)
// Subjects=12
-6	15	51
6	33	42
-36	-24	0
54	-18	12
15	-75	-15

// Britton J C, 2006: Nonsocial > Social, Positive
// Subjects=12
15	-75	-15
-9	-90	-9
-18	-63	-9
-39	-9	12
54	-15	15

// Britton J C, 2006: Nonsocial > Social, Negative
// Subjects=12
18	-102	-9
15	-99	6
-15	-66	-9
33	18	0

// Britton J C, 2006: Positive > Neutral
// Subjects=12
18	-93	9
-48	-3	-18
21	-24	48
3	-6	6
33	-6	15

// Britton J C, 2006: Negative > Neutral
// Subjects=12
-18	-84	9
6	-3	0
-21	-6	-21
-15	3	-12

// Cunnington R, 2006: Observation > Self-Selection Movements
// Subjects=14
58	-26	30
-52	-24	18
34	-50	56
-36	-34	66
48	-4	46
-46	-70	0
54	-72	6
34	-76	32
-14	-98	-2
26	-98	-4

// Cunnington R, 2006: Self-Selection > Observation Movements
// Subjects=14
38	32	30
-36	34	30
-20	60	6
44	20	52
-34	40	46
-4	26	54
-2	-22	20
-6	8	16
20	6	8

// Cunnington R, 2006: Self-Selection and Observation Movements
// Subjects=14
0	6	50
64	12	28
-44	6	30
-26	-4	52
14	-96	6
32	-68	44
-26	-70	54

// Hamzei F, 2003: Active vs. Passive
// Subjects=12
-51	9	-9
-39	-45	60
-57	-42	42

// Pierno A C, 2006: Action vs. No Action
// Subjects=14
-40	-12	62
-48	-10	36
42	-8	34
56	28	28
-54	-44	12
54	-32	8
-28	-44	64
26	-42	58
-48	-36	26
50	-27	26
-50	-74	6
48	-74	8
28	-82	30

// Pierno A C, 2006: Interaction Between Type of Observed Behaviour and 
// Subjects=14
-49	34	11
-47	7	25
54	-6	52
58	-7	27

// Beauregard M, 2006: Suppression Ability, Normals
// Subjects=12
-6	49	10
-43	17	-13

// Ohnishi T, 2006: Maze vs. Control
// Subjects=28
-26	-30	-25
-20	-35	-4
-14	-58	7
-16	-65	51
-8	-91	3
-14	-61	53
-36	-39	41
-44	-63	-22
-44	-81	10
-3	-35	-3
34	-38	-27
21	-37	-5
20	-57	19
16	-65	53
16	-97	3
30	-56	53
36	-45	41
32	-59	-17
50	-68	-5
12	-80	-8
3	-22	-4
51	16	26

// Ohnishi T, 2006: Good Navigators > Poor Navigators
// Subjects=28
-16	-29	-5
16	-35	-3
-8	-54	52
10	-52	49

// Ohnishi T, 2006: Poor Navigators > Good Navigators
// Subjects=28
59	-48	45

// Ohnishi T, 2006: Positive Correlation between Task Performance and Brain 
// Subjects=28
-16	-30	-9
-20	-29	-4

// Ohnishi T, 2006: Positive Correlation with SDQ-S
// Subjects=28
-17	-33	-6
-26	-32	-2
20	-31	-5
28	-32	-3

// Ohnishi T, 2006: Negative Correlation with SDQ-S
// Subjects=28
-40	-69	50
41	-50	48

// Remijnse P L, 2006: Reward, Normals
// Subjects=27
36	54	-12
15	36	-15
45	42	21
30	-63	48
36	-93	-9
-33	-96	-12
6	18	6
-6	15	6
-12	6	-9

// Remijnse P L, 2006: Punishment, Normals
// Subjects=27
33	54	-12
18	42	-15
30	24	-12
33	-93	-9
-33	-96	-12

// Remijnse P L, 2006: Affective Switching, Normals
// Subjects=27
-18	18	-15
36	51	9
-30	60	9
33	45	33
-42	33	42
33	18	6
-33	21	9
0	30	33

// German T P, 2004: Pretend > Real
// Subjects=16
6	31	32
-9	57	25
-3	52	-3
33	20	-11
56	18	10
-39	14	-13
-48	10	16
-30	53	6
-45	40	-12
-50	-52	3
59	-58	14
48	-70	-2
42	-53	-12
-18	-4	-12
21	-10	-22
21	-11	12
-3	9	9
12	-60	-40

// Grezes J, 2004: Observation of Faked Actions
// Subjects=11
14	66	24
64	-44	22
54	14	8
50	-32	-6

// Grezes J, 2004: Actions Judged to Reflect Deceptive Intent
// Subjects=11
52	-56	34
-42	-60	30
-8	42	20
52	32	6
50	46	-6
-46	34	-10
-26	-4	-20
26	0	-22
-46	-50	-22
-24	-80	-24
-42	8	-34

// Iwase M, 2002: Correlation Between rCBF and EMG Score of Facial Expression 
// Subjects=12
4	8	56
-28	-2	0

// Iwase M, 2002: Comic > Voluntary
// Subjects=6
0	-74	-10
62	-58	-2
-2	22	-24
-38	12	-24
-22	-82	28
-54	-62	8
52	-38	-28
10	52	26
32	-88	0
-12	12	-30

// Leslie K R, 2004: Face Imitation
// Subjects=15
55.68	15.04	45.64
53.19	14.77	19.94
58.46	19.28	10.44
64.99	17.48	13.87
-58.92	4.23	39.7
-62.47	10.65	16.71
-50.79	4.78	-.83
11.54	13.9	58.84
-7.84	7.76	63.13
58.83	-2.05	34.96
-43.81	-2.41	36.74
61.9	-26.24	17.13
68.46	-35.48	21.29
-59.08	-13.38	23.52
-59	-22.64	27.79
53.12	-63.44	-1.45
53.16	-63.13	1.88
-47.33	-70.18	0.92
33.77	-92.33	0.61
-21.33	-99.12	-0.02
46.35	-54.7	-22.37
-18.5	-67.15	-25.64
-41.08	-72.99	-17.96

// Leslie K R, 2004: Face Viewing
// Subjects=15
55.68	15.04	45.64
53.19	14.77	19.94
58.46	19.28	10.44
64.99	17.48	13.87
-58.92	4.23	39.7
11.54	13.9	58.84
61.9	-26.24	17.13
68.46	-35.48	21.29
-59	-22.64	27.79
53.12	-63.44	-1.45
53.16	-63.13	1.88
-47.33	-70.18	0.92
33.77	-92.33	0.61
-21.33	-99.12	-0.02
46.35	-54.7	-22.37
-41.08	-72.99	-17.96

// Hennenlotter A, 2005: Smile Observation - Neutral Observation
// Subjects=12
56	8	40
-52	-26	32
-60	-18	24
58	-34	22
-42	-68	4
-34	-96	-2
60	8	6
48	-62	0
44	-74	-6
52	-40	-2
46	-26	-6
-52	26	-8
-38	16	-10
36	34	-12
-42	-52	-20
-24	-8	-22
22	-6	-26
-52	8	-36
-40	14	-36
36	14	-44

// Hennenlotter A, 2005: (Smile Observation - Neutral Observation) + (Smile 
// Subjects=12
56	8	40
60	-32	18
60	8	6
-40	14	-10

// Filimon F, 2007: Observed Reaching > Passive Viewing
// Subjects=15
-14	-92	26
-29	-52	47
-29	-57	64
-23	-6	60
-45	-76	3
-45	-58	12
-6	-62	52
-1	-89	10
20	-91	26
28	-52	49
21	-62	66
48	-72	4
51	-50	11
7	-65	52

// Filimon F, 2007: Actual Reaching + Observed Reaching + Imagined Reaching
// Subjects=15
-22	-2	62
-24	-61	60
-30	-49	48

// Noriuchi M, 2008: Own Child vs. Other Child
// Subjects=13
-30	24	-24
28	22	-24
54	6	28
2	18	62
52	10	48
-38	2	28
58	-66	8
36	24	6
-16	-56	14
-20	6	0
-16	-8	10
-12	-16	6
0	-28	-12
6	-8	-4

// Noriuchi M, 2008: Other Child vs. Own Child
// Subjects=13
22	56	26
32	48	24
32	34	16
68	-14	6
-46	-36	52
-34	-42	68
30	-32	48
-22	-58	50
-26	-34	-22
-22	-44	-8
-14	6	-12
12	8	-12

// Noriuchi M, 2008: Own Child vs. Other Child, Separation Situation
// Subjects=13
32	32	-18
-42	14	46
56	28	26
-26	26	52
-20	0	70
26	54	42
0	28	66
58	-64	12
-36	-76	30
44	-70	34
2	-76	56
36	-66	-8
-4	-60	26
2	-34	36
22	6	-10

// Noriuchi M, 2008: Own Child vs. Other Child, Play Situation
// Subjects=13
-26	22	-24
26	26	-22
54	10	46
44	-58	-8
60	-54	-4
62	-40	20
50	-76	-14
-22	12	4
4	-10	-12

// Noriuchi M, 2008: Separation Situation vs. Play Situation, Own Child
// Subjects=13
-32	24	0
-16	12	56
18	0	78
-4	2	70
4	32	66
56	24	26
-50	56	22
-42	12	42
-32	6	44
-38	22	56
32	52	40
50	24	48
-18	-34	54
64	-8	-12
-52	-34	-2
48	-32	-6
46	-22	-6
54	-16	-8
-60	-62	24
-52	8	0
62	-26	8
-52	-56	-14
61	-60	30
-42	-70	52
-38	-32	38
54	-54	50
-40	-80	42
-6	-78	12
-14	-72	26
-4	-78	52
6	-64	62
2	24	30
12	-44	38
-2	-18	-10
-14	-22	-6
-18	-2	20
-13	-21	-12

// Noriuchi M, 2008: Play Situation vs. Separation Situation, Own Child
// Subjects=13
-30	-26	54
32	-38	12
34	-58	18
-28	-76	8
-46	-40	30
-6	4	-12

// Bocher M, 2001: Visual-Auditory Pornographic (S) minus Baseline (B)
// Subjects=10
-39.85	-78.43	-7.35
-49.46	-71.04	3.29
-33.07	-82.71	15.37
-24.56	-102.32	0.35
-29.56	-33.64	46.31
49.88	-77.7	-4.47
38.67	-57.35	53.1
39.96	24.76	1.25

// Bocher M, 2001: (B) minus (S)
// Subjects=10
-9.14	-48.64	34
-32.96	23.13	45.23
12.15	-55.31	7.4
17.52	-70.81	2.12
22.1	37.26	44.02
7.51	41.87	2.35
0.07	49.37	14.06
1.9	12.98	-19.35

// Bocher M, 2001: (S) minus Nature (N)
// Subjects=10
-42	-80.56	-7.1
-52.76	-69.34	-1.31
29.82	-86.25	31.45
52.08	-59.84	2.69
53.06	-78.1	-8.97
49.73	-70.02	-14.19
38.57	-53.71	46.02

// Bocher M, 2001: (N) minus (S)
// Subjects=10
-51.11	3.45	-26.47
-47.59	-7.53	-6.39
-52.81	-6.2	8.13
14.33	-57.33	8.69
15.71	31.37	50.31
57.18	-3.01	-9.74
2.18	58.84	11.97
5.48	63.63	17.04

// Bocher M, 2001: (S) minus Talkshow (T)
// Subjects=10
-43.01	-84.41	-2.23
-47.31	-68.91	3.04
-27.24	-53.22	54.93
-31.68	-39.93	48.09
30.58	-83.21	6.49
44.45	-85.58	-8.08

// Bocher M, 2001: (T) minus (S)
// Subjects=10
-58.26	-23.01	0.92
-51.11	3.45	-26.47
0.11	61.69	19.56
57.2	-5.04	-8.42
64.92	-26.83	-.8
52.65	-8.94	-27.01

// Bocher M, 2001: Thinking About Sex and Increases in rCBF (Positive 
// Subjects=10
-41.95	-80.15	-2.66
-50.53	-68.82	4.2
-56.9	-25.28	22.42
51.99	-62.7	-4.87

// Bocher M, 2001: Sexual Arousal and Increases in rCBF (Positive 
// Subjects=10
-39.75	-79.83	0.63
-50.56	-66.79	2.88
-42.14	-68.42	-15.03
-56.9	-25.28	22.42
52.01	-60.36	-2.86
38.07	-87	0.01
4.1	-22.84	-23.69

// Bocher M, 2001: Sensation of Erection and Increases in rCBF (Positive 
// Subjects=10
-32.48	64.58	6.39
-56.91	-23.16	22.21
-50.65	-60.93	-3.3
-24.53	-91.16	4.85
-27.69	-94.91	10.88
51.94	-63.11	-9.31
40.03	-65.49	-11.11
4.09	-20.71	-23.9
34.85	-84.68	2.08

// Ferretti A, 2005: Erotic > Sport Video Clips
// Subjects=9
29.4	-52.42	43.48
-31.49	-51.47	47.45
58.1	-29.67	32.32
-46.58	-29.87	39.12
48.3	7.99	24.82
-48.93	7.5	27.09
53.68	-19.1	18.11
-52.13	-21.04	16.14
43.81	29.86	5.19
-40.58	29.61	9.53
42.82	-.1	3.26
-42.65	-.44	6.5
3.35	-12.77	8.12
0.12	-9.78	5.67
28.16	-89.35	6.45
-27.4	-92.86	7.38
5.21	27.2	-11.98
-1.2	23.9	-12.75
48.27	-61.54	-7.27
-47.89	-66.34	-5.76
4.23	-1.53	-11.79
-1.13	0.47	-13.02
19.24	-18.53	-12.77
-18.16	-17.61	-11.3
48.16	-53.93	-19.06
-46.96	-53.53	-19.11
23.39	-2.27	-23.1
-22.57	-1.49	-22.64

// Ferretti A, 2005: Regression Analysis with Penile Turgidity (Video Clips)
// Subjects=9
26.22	-54.3	47.02
-21.88	-56.96	44.45
54.9	-28.46	34.49
-54.12	-24.97	34.33
48.33	3.85	26.28
-48.91	5.47	28.38
54.76	-20.06	19.29
-54.27	-18.86	17.1
44.87	28.64	3.05
-43.79	30.65	9.48
44.95	0.97	3.14
-41.58	-2.63	5.55
2.3	-13.74	9.33
0.15	-11.64	9.17
29.24	-92.52	6.7
29.24	-91.37	7.72
6.28	26.06	-13.02
-3.36	25.84	-15.12
47.21	-67	-9.03
-50.02	-68.56	-6.67
3.16	1.72	-10.94
4.23	0.59	-11.97
20.32	-21.69	-12.52
-19.22	-20.87	-12.13
47.11	-62.49	-19.44
-45.9	-59.07	-22.01
22.33	-3.25	-21.9
-23.36	-1.92	13.09

// Ferretti A, 2005: Onset of Erection > No Erection (Erotic Video Clips)
// Subjects=9
57.97	-20.04	19.25
-52.1	-23.96	19.73
41.77	-3.19	4.64
-40.49	-1.23	9.88
5.22	26.14	-11.9
-2.28	27.07	-13
4.22	0.5	-13.08
-3.27	1.51	-13.08
21.24	-1.31	-24.28
-19.36	-3.67	-23.61

// Ferretti A, 2005: Sustained Erection > No Erection (Erotic Video Clips)
// Subjects=9
56.89	-21.19	18.24
-53.2	-22.11	16.24
41.77	-3.19	4.64
-41.56	-5.63	8.03
2.02	26.21	-10.75
-3.32	25.12	-10.6
22.31	-.16	-23.27
-21.49	-2.54	-22.57

// Goldin P R, 2008: Watch, Negative > Watch, Neutral
// Subjects=17
-42.99	24.66	-26.83
-36.41	25.35	-4.66
1.07	61.47	18.65
56.96	16.82	41.82
4.75	29.13	68.15
-54.25	10.98	31.32
53.51	32.97	17.09
-50.24	20.32	0.38
56.62	20.96	-.9
-42.23	2.87	63.09
-13.82	66.55	30.66
-54.42	32.33	18.38
8.9	46.53	58.84
-49.93	-78.62	0.87
44.61	24.84	-32.31
38.39	22.45	-7.51
38.11	-39.74	69.09
-46.59	-21.16	41.73
-6.19	-91.18	-14.19
19.19	-5.84	-13.84
-17.15	-2.88	-13.67
-9.52	6.36	8.89
11.88	3.57	12.22
1.24	-30.13	4.02
-3.25	-5.97	-13.57
19.41	-23.42	6.59

// Goldin P R, 2008: Reappraise > Watch, Negative
// Subjects=17
-10.79	73.49	9.97
52.21	45.97	-7.41
-53.57	44.37	-4.94
-38.15	11.85	41.1
-29.06	44.89	-14.19
-39.79	47.65	-18.76
-36.52	40.61	-13.75
-39.84	9.73	-41.23
-60.98	7.68	-10.7
-54.73	21.41	-26.42
-65.3	-3.77	-20.84
-60.72	-34.73	5.12
-60.77	-38.5	-2.37
-47.26	-.63	-36.93
-30.55	-62.7	26.08
-42.34	-54.31	25.51
-49.65	-67.96	42.35
8.78	-67.86	-2.94

// Goldin P R, 2008: Suppress > Watch, Negative
// Subjects=17
1.45	24.83	54.05
42.97	15.79	29.8
52.47	25.57	17.72
54.48	42.95	8.43
57.73	23.6	5.56
32.93	51.94	-11.03
-35.47	60.25	-7.6
-47.15	48.89	-2.05
-35.27	20.58	2.42
57.03	-65.95	17.54
67.59	-55.11	5.35
56.94	-74.55	2.65
-60.57	-70.42	11.46
-46.9	-61.73	-15.08
-38.95	-64.47	45.28
-31.39	-77.91	49.67
39	-72.26	33.88

// Goldin P R, 2008: Reappraise > Suppress
// Subjects=17
-14.04	78.5	6.24
-6.28	67.19	38.32
-50.25	27.98	3.08
-39.3	-15.42	18.87
-39.83	28.56	-31.66
-57.47	-41.85	9.02
-42.87	-7.07	-24.17
-57.97	5.65	-37.33
41.46	18.82	-27.31
4.69	-73.66	18.78
-16.65	-98.71	13.32
19.76	-102.12	21

// Goldin P R, 2008: Suppress > Reappraise
// Subjects=17
1.47	-5.72	44.35
1.4	4.51	39.03
1.38	19.66	42.22
-2.3	48.82	-7.02
52.37	35.54	9.08
52.51	14.99	18.61
-6.71	62.74	-19.29
-35.38	53.45	0.78
49.26	25.55	17.76
56.72	9.93	7.83
-46.88	-61.48	-11.76
-64.87	-22.38	27.55
49.46	-74.59	2.73
-38.95	-79.87	38.76
1.17	-19.89	-1.3

// Iseki K, 2008: Gait Observation > Scrambled Gait Observation
// Subjects=16
18	-12	64
-8	-10	68
-24	-2	64
-12	-56	64
-50	-34	30
-56	20	6
46	-62	0
30	-94	-2
-46	-78	0
26	-4	-38
-26	-10	-26

// Iseki K, 2008: Stepping Observation > Scrambled Gait Observation
// Subjects=16
48	2	44
-44	0	56
48	8	26
-40	14	28
-36	-54	58
50	-70	-2
-48	-68	8
-38	-44	-26
26	-90	-14
-30	-88	-6

// Iseki K, 2008: Gait Observation > Stepping Observation
// Subjects=16
22	-6	58
-24	-8	68

// Iseki K, 2008: Virtual Walking > Scrambled Virtual Walking
// Subjects=16
32	-4	46
-30	-6	42
12	-66	64
-16	-62	22
-16	-16	46
38	-80	18
-38	-82	24
-18	-4	-22
6	20	0
-10	22	-2
8	-20	6

// Iseki K, 2008: Gait Observation > Scrambled Gait Observation and Virtual 
// Subjects=16
32	-6	48
-14	-16	48
-34	-8	52
14	-64	66
-10	-62	62
38	-56	-12
-34	-42	-16
26	-86	-6
-24	-90	-6
-20	-28	-2

// Lee H J, 2007: Speechreading > Fixation, Normals
// Subjects=15
-62	-38	14
-50	-56	4
-42	-50	52
58	-42	10
52	-38	6
56	-26	-4
56	-26	-4
60	-48	0
48	-62	4
36	-56	56
-42	-64	-20
46	-52	-14
44	-56	-24
-46	18	-4
-26	20	2
-30	18	-6
32	20	0
34	26	-10
-36	52	8
-42	18	42
-60	6	10
-52	4	36
44	32	38
36	42	22
54	16	30
44	8	26
48	4	40
-6	-4	60
10	16	38
-24	-100	-2
30	-90	-10
24	6	2
6	-20	6
-24	0	6
-10	-14	4
12	-76	-18

// Lee H J, 2007: Counting > Fixation, Normals
// Subjects=15
46	-62	4
44	-52	-16
-40	12	2
-6	-6	60
-24	-99	0
-24	-92	-1
28	-88	-10

// Lee H J, 2007: Speechreading > Counting, Normals
// Subjects=15
-62	-36	14
-46	18	-4
-30	18	-6
30	18	-14
-34	56	10
-38	16	28
-44	18	40
-6	4	58
-4	14	50
4	-20	6
-10	-14	6

// Meister I, 2007: Video, Perception > Rest
// Subjects=14
30	8	62
44	8	32
46	12	22
34	26	-4
52	40	15
44	58	10
-28	-4	56
-38	18	30
-50	6	20
-60	20	16
-50	40	-16
-4	16	52
26	-58	50
32	-68	40
-30	-46	40
-26	-60	44
40	-44	-20
10	-98	16
44	-72	10
-50	-58	-14
10	-90	0
-12	-74	-50
12	-78	-50
26	-30	0
-16	-24	16

// Meister I, 2007: Video, Perception > Video, Phonological and Video, 
// Subjects=14
26	8	64
38	-2	48
58	16	14
58	18	6
42	14	24
36	62	12
6	12	52
-28	-4	50
-56	6	42
-52	4	12
-42	46	28
18	-74	58
24	-60	48
44	-76	26
-22	-60	64
-66	-32	32
-48	-46	52
50	-62	-10
-48	-74	-16
-40	-48	-50
16	-24	12
-10	-16	12

// Munzert J, 2008: Gymnastic Film > Motor Imagery
// Subjects=10
-28.22	-52.97	55.34
27.36	-52.55	55.79
24.61	-19.3	-9.42
3.14	-50.12	-34.47

// Munzert J, 2008: Gymnastic Film and Motor Imagery > Fixation
// Subjects=10
-24.2	17.99	50.46
26.17	-4.29	60.67
-50.05	6.98	20.46
52.5	5.05	13.86
2.61	0.51	56.08
-18.1	-2.75	1.95
20.35	7.17	2.9
-24.66	-48.25	-35.42
-21.42	-56.69	-34.75
20.18	-60.47	-46.07
-27.29	-37.87	44.03
40.05	-34.04	46.28

// Gobbini M I, 2007: Point Light, Biological Motion vs. Point Light, 
// Subjects=12
46.97	31.56	-.56
40.81	14.38	25.48
49.32	39.35	31.1
64.44	-35.86	20.5
-54.18	-60.78	11.69
49.56	-75.76	15.1
47.28	-70.63	-.92
-45.61	-78.08	7.46
31.57	-64.13	43.33
-42.6	-68.05	-14.6
43.86	-44.36	-18.69
-14.73	-87.81	-11.03
-25.36	-100.47	-8.73
26.75	12.58	3.49
13.91	-71.2	-32.83

// Grosbras M H, 2006: Hand, Neutral > Concentric Circles
// Subjects=10
-24	-8	60
-48	8	28
44	4	36
52	20	24
48	24	20
-52	-28	40
-36	-52	64
-36	-44	52
-28	-52	44
32	-52	56
-12	-76	56
-8	-68	64
-52	-64	0
48	-64	0
60	-56	4
44	-56	8
-44	-80	12
40	-84	-4
-44	-52	-20
44	-48	-20
44	-60	-16
-12	-80	-44
-32	-68	-56
8	-76	-32
-16	-24	8

// Grosbras M H, 2006: Hand, Angry > Concentric Circles
// Subjects=10
-24	-8	64
40	-4	64
-56	8	24
44	4	36
56	20	28
52	16	8
48	32	0
0	24	52
-52	-28	40
-36	-36	48
-40	-44	56
32	-60	48
-28	-80	28
-20	-80	44
-28	-60	52
20	-60	68
12	-68	64
-64	-20	32
-48	-64	4
52	-52	4
56	-68	12
56	-4	-12
-40	-80	12
48	-80	4
-44	-52	-20
44	-48	-20
-16	-80	48
-12	-80	-44
16	-48	-48
-16	-24	12
-16	-32	4
24	-8	-12

// Grosbras M H, 2006: Face, Neutral > Concentric Circles
// Subjects=10
-44	-4	56
48	4	48
-48	20	24
36	12	32
52	24	28
-56	8	-12
4	44	44
4	12	60
52	-68	12
-48	-48	4
52	-56	8
52	-36	-4
-56	8	-12
56	-4	-12
-48	-80	-12
48	-84	-4
-44	-48	-16
-44	-60	-20
44	-56	-20
-8	-84	-44
-32	-68	-52
-4	-76	-24
8	-84	-40
-28	-4	-16
16	-20	-4
-20	-8	-12
20	-12	-12
-44	28	-4

// Grosbras M H, 2006: Face, Angry > Concentric Circles
// Subjects=10
-40	-4	44
44	4	48
-52	20	28
52	12	24
56	20	28
56	24	20
0	8	56
-52	-60	8
48	-56	8
56	-36	-4
-52	-44	4
52	-52	4
56	-40	0
56	4	-20
-48	-80	-12
48	-84	-4
-44	-56	-20
-40	-68	-24
44	-56	-20
-8	-80	-36
-32	-68	-52
-20	0	12
20	0	0
-20	-8	-12
20	-12	-12
24	-20	-12
-44	28	-8

// Kim S W, 2006: Erotic Scenes - Sports HIghlights
// Subjects=10
10	-60	58
-58	-42	36
10	-90	24
28	-6	68
60	24	14
38	57	-8
-34	50	-6
-3	-4	41
-12	8	6
10	8	6
60	12	0
4	24	6
38	-10	8

// Lawrence E J, 2006: Social Perception > Non Social Labeling
// Subjects=12
-49.01	23.19	23.55
-48.99	-45.83	-1.89
55.69	31.21	21.67
1.45	12.68	48.38
39.36	-29.09	-41.11

// Lawrence E J, 2006: Brain Activation Correlated with Self Reported Personal 
// Subjects=12
27.61	44.51	-10.35
28.09	32.93	46.38
-6.38	29.9	10.23
-13.61	11.56	35.27
-18.17	13.03	-.49

// Lawrence E J, 2006: Brain Activation Correlated with Self Reported Personal 
// Subjects=12
-10.5	39.16	34.03

// Lawrence E J, 2006: Brain Activation Correlated with Self Reported Social 
// Subjects=12
32.22	-4.76	12.69
66.27	-30.22	-16.79
55.64	30.7	15.02
40.03	-17.75	50.49
16.33	32.86	46.52
-37	17.11	54.03

// Lawrence E J, 2006: Brain Activation Correlated with Self Reported Social 
// Subjects=12
-13.86	29.86	10.32
-30.07	39.94	-9.3
24.5	45.43	1.88

// Lawrence E J, 2006: Brain Activation Correlated with Self Overlap on the 
// Subjects=12
5.69	45.29	56.75
16.05	34.35	10.71
27.71	36.74	-.78
24.85	-57.48	6.04
-18.02	-1.89	13.03
-53.23	-25.79	9.86
-32.88	-40.56	9.75
-29.91	13.04	0.76

// Lawrence E J, 2006: Brain Activation Correlated with Self Overlap on the 
// Subjects=12
61.19	-36.31	15
51.34	26.02	9.89
-48.61	-46.29	47.21
-37.05	-56.99	17.87

// Miyagawa Y, 2007: Neutral > Mosaic (Activations)
// Subjects=6
56	6	-12
52	-72	-10
72	-22	2
-34	-6	-46
-54	4	-8
-60	-22	0

// Miyagawa Y, 2007: Sexual > Mosaic (Activations)
// Subjects=6
54	-70	-2
72	-28	4
22	10	-4
-52	-74	-6
-60	-34	6

// Miyagawa Y, 2007: Mosaic > Sexual (Deactivations)
// Subjects=6
-24	16	60
-2	-100	-18

// Ranote S, 2004: Own Infant + Unknown Infant - Traffic
// Subjects=10
-45	-72	-96
39	-54	-21
54	-69	-6
45	69	-6
-48	-81	6
-57	-66	9
-51	-69	21
-57	0	-21
-42	18	-24
45	15	-39
-18	-33	63
33	-30	63

// Ranote S, 2004: Own Infant - Unknown Infant
// Subjects=10
33	18	-27
45	-81	15
-21	0	-18

// Ranote S, 2004: Unknown Infant - Own Infant
// Subjects=10
-6	-96	-12
-33	60	12
-33	60	-9
39	39	42
33	45	33
15	48	48
-45	30	-12
51	48	-3
66	-27	-9
-6	-75	27
-3	-84	27
-9	-57	69
-21	-21	-9
-12	-36	-33
9	-60	-15

// Stoleru S, 1999: Sex Clips - Neutral Clips
// Subjects=8
56.9	-66.17	0.83
33.07	9.48	-9.7
7.55	12.81	8.15
56.57	20.53	-6.44
-54.26	-69.3	-2.09
-13.71	20.4	25.6

// Stoleru S, 1999: Positive Interaction, Testosterone x Condition
// Subjects=8
46.3	-80.7	6.63
52.33	29.65	1.77

// Stoleru S, 1999: Negative Interaction, Testosterone x Condition
// Subjects=8
-43.4	-52.03	27.56
-37.47	39.69	1.96
-3.48	39.95	-25.22
-33.24	61.21	4.56

// Tsujimura A, 2006: Sexual - Mosaic Clips
// Subjects=6
4	-74	-22
46	-86	4
-44	-84	-8

// Tsujimura A, 2006: Sexual - Neutral Clips
// Subjects=6
26	58	-18

// Lamm C, 2007: Observation of Patients Expressing Pain and the First-Hand 
// Subjects=17
-52	-2	-16
-38	2	-20
-48	-8	-12
0	6	62
0	14	50
42	-2	-18
34	18	6
-38	18	4
-36	26	4
-32	26	-10
50	-44	18
40	-42	4
-10	12	40
44	20	-16
50	6	-14
22	10	-16
26	0	-22

// Lamm C, 2007: Imagine Self > Imagine Other
// Subjects=17
-52	-26	26
-60	-34	24
42	8	-2
-16	-4	14
-30	2	8
-36	8	4
8	0	54
46	-14	56
22	-32	66
-38	-10	-12
-36	36	34
-60	8	2

// Lamm C, 2007: Imagine Other > Imagine Self
// Subjects=17
26	-76	56
38	-68	56
24	-66	64
48	-64	44

// Lamm C, 2007: Empathy Quotient, Other
// Subjects=17
26	0	10
-36	-2	12
0	-4	42
-22	-46	-24

// Lamm C, 2007: Empathic Concern Index, Other
// Subjects=17
14	16	28

// Lamm C, 2007: Emotional Contagion, Watching Pain
// Subjects=17
30	16	12
44	18	8
-32	-10	10
16	-26	42
6	-4	52
50	-14	44
64	-38	34
-50	-42	36
-56	-44	56

// Wicker B, 2003: Visual, Disgusting vs. Neutral
// Subjects=14
-30	-74	-20
44	-70	-14
-4	-26	-10
-38	26	-6
22	12	0
-24	30	4
62	-44	8
-24	8	12
64	12	14
-50	-14	18
-36	56	24
40	-50	28
4	24	30
54	8	40
-4	12	48
-52	-20	52
8	12	52

// Wicker B, 2003: Visual, Pleasant vs. Neutral
// Subjects=14
-2	-64	-24
-16	-10	-22
40	-74	-20
-50	-12	10
48	24	18
6	-70	44

// Wicker B, 2003: Overlap Between Observing and Feeling Disgust
// Subjects=14
-38	26	-6
-34	28	6
-34	10	16
4	24	30

// Capek C M, 2008: Speech > Fixation, Normals
// Subjects=13
47.15	-30.28	-2.07
-44.62	-65.72	1.96
-33.62	-50.34	48.49
40.07	-45.93	43.93
-48.76	-2.85	44.69
43.99	15.28	23.14
5.75	9.71	50.81

// Capek C M, 2008: Regions Positively Associated with Speechreading Skill, 
// Subjects=13
36.41	-46.26	-15.1
13.1	-85.01	-4.9
1.4	-31.76	24.23
-2.9	-7.92	30.09
55.88	-11.8	29.74

// Jabbi M, 2007: Correlation, Personal Distress + Disgusted Faces
// Subjects=18
20	4	2
-44	26	-10
0	-22	-22
46	38	-4
20	-46	0
-24	-60	2
-10	50	10
-4	32	10
40	34	16
50	2	18
42	-46	22
-60	-52	32
62	-42	36
8	12	26
-6	20	30
-48	10	32
-6	-12	38
-36	-2	42
42	12	38

// Jabbi M, 2007: Correlation, Fantasy + Disgusted Faces
// Subjects=18
-46	8	2
30	10	-10
48	22	-22
14	12	-4
-46	34	0
40	-32	2
-10	4	10
50	38	10
40	-50	16
-30	56	18
26	62	22
46	24	32
32	32	36
-12	28	26
0	-36	30
-10	54	32
58	-52	38
-44	14	42
-12	22	38

// Jabbi M, 2007: Correlation, Empathic Concern + Disgusted Faces
// Subjects=18
12	-34	-18
12	4	-16
-36	18	-4
10	-18	26

// Jabbi M, 2007: Correlation, Perspective Taking + Disgusted Faces
// Subjects=18
-32	14	-26
44	12	-18
-10	-2	-16
34	-28	-4
-20	58	-6
-44	16	-2
44	-50	10
-38	50	10
22	60	14
34	34	22
50	24	16
-14	40	22
6	-16	24
26	44	36
42	22	44
12	52	42

// Jabbi M, 2007: Correlation, Personal Distress + Pleasant Faces
// Subjects=18
2	-38	-34
40	30	22
-38	20	-14
22	-6	0
-4	30	8
-28	0	16
48	-48	20
40	12	40
42	26	44

// Jabbi M, 2007: Correlation, Fantasy + Pleasant Faces
// Subjects=18
32	-6	-26
32	14	-18
-54	-10	-16
28	-26	-8
16	16	-14
-12	62	-8
24	48	-2
-30	56	10
-44	32	14
-6	48	8
40	-52	32
-32	28	16
10	-58	20
-10	-56	22
-16	28	24
-6	-30	26
-10	52	34
22	50	34
-44	14	44
40	24	46
10	32	50
-14	20	50
-30	6	50

// Jabbi M, 2007: Correlation, Perspective Taking + Pleasant Faces
// Subjects=18
48	8	-20
42	28	-18
-42	20	-20
-8	-4	-14
-14	60	-10
28	-28	-6
10	28	-4
38	22	48
30	-8	0
52	28	2
18	60	4
40	-48	12
14	28	26
-26	24	18
-18	38	18
10	-46	18
4	-36	32
12	28	50

// Jabbi M, 2007: Correlation, Personal Distress + Neutral Faces
// Subjects=18
26	-10	-24
-18	12	-8
24	0	2
46	16	-10
18	14	-10
2	-24	-2
-2	30	8
42	36	12
48	-4	26
32	-20	38
10	-16	44
-4	-16	50

// Jabbi M, 2007: Correlation, Fantasy + Neutral Faces
// Subjects=18
32	16	-20
-24	8	-16
36	36	-14
16	18	-12
52	34	-4
32	34	2
-22	-22	2
40	-52	28
-52	20	12
-38	46	10
38	26	18
-12	24	26
-30	4	50
-38	-62	44
-10	30	46
26	-52	66

// Jabbi M, 2007: Correlation, Empathic Concern + Neutral Faces
// Subjects=18
42	-48	14
-40	-52	28

// Jabbi M, 2007: Correlation, Perspective Taking + Neutral Faces
// Subjects=18
-36	16	-24
22	-6	-26
40	30	-16
10	-24	-14
-14	-6	-14
30	-4	-10
-12	60	-6
36	-30	2
-30	18	22
18	56	6
38	-54	32
42	22	46
-14	38	18
-40	-66	42
6	36	50

// Jabbi M, 2007: Unpleasant Taste - Neutral Taste + Disgusted Faces - Neutral 
// Subjects=18
52	18	-6
-38	24	-10
-44	30	0
-14	12	2
6	6	58

// Jabbi M, 2007: Pleasant Taste - Neutral Taste + Pleasant Faces - Neutral 
// Subjects=18
-34	8	-14
28	-18	42

// Hutcherson C A, 2008: Extraversion and Response to Amusing vs. Neutral 
// Subjects=14
21.23	69.99	3.2
41.67	42.96	9.69
17.83	-36.26	74.6
12.77	21.42	-4.9
-19.29	12.42	-8.23

// Hutcherson C A, 2008: Extraversion and Response to Amusing vs. Neutral 
// Subjects=14
21.23	69.99	3.2
41.67	42.96	9.69
17.83	-36.26	74.6
12.77	21.42	-4.9
-19.29	12.42	-8.23

// Hutcherson C A, 2008: Extraversion and Response to Amusing vs. Neutral 
// Subjects=14
21.23	69.99	3.2
41.67	42.96	9.69
17.83	-36.26	74.6
12.77	21.42	-4.9
-19.29	12.42	-8.23

// Hutcherson C A, 2008: Extraversion and Response to Sad vs. Neutral Films, 
// Subjects=14
-19.35	8.56	-16.83

// Hutcherson C A, 2008: Extraversion and Response to Sad vs. Neutral Films, 
// Subjects=14
-19.35	8.56	-16.83

// Hutcherson C A, 2008: Extraversion and Response to Sad vs. Neutral Films, 
// Subjects=14
-19.35	8.56	-16.83

// Pierno A C, 2008: Main Effect of Type of Observed Behavior [(GT + GTD) - 
// Subjects=12
-36	0	45
48	-3	51
27	-6	51
-27	-12	60
60	-36	15
36	-42	51
-30	-42	60
-24	-51	51
42	-48	-18
6	-63	3
-39	-69	9
54	-66	3

// Pierno A C, 2008: Interaction [(GT - GTD) - (GAT - GATD)]
// Subjects=12
50	24	21
9	-78	-3
-3	-75	-3

// Hu S H, 2008: Homoerotic Male > Rest, Healthy Homosexual Males
// Subjects=10
-42	-68	48
-8	0	24
-12	-86	-28
-6	-78	-48
60	20	4
54	30	20
44	12	18
-52	-68	-10
56	-66	-6
-50	-62	-18
64	-30	-18
-38	0	6
8	72	12
2	-6	38
4	20	32
-42	56	6
-36	52	2
52	44	16
-28	-84	32
-64	-12	-18
14	0	6
32	-36	66
-64	-10	20
12	-36	6
54	2	30
-22	-42	18
-16	72	6
-26	-78	54
-8	-32	6
12	-10	8
-2	-50	-30

// Hu S H, 2008: Heteroerotic > Rest, Healthy Heterosexual Males
// Subjects=10
-2	2	26
-30	-90	-26
40	-60	-32
20	-36	-2
-32	-56	48
48	-72	-10
-54	12	24
54	20	10
54	32	30
-54	-70	-8
-40	0	-4
38	6	-10
2	-80	-2
6	-70	2
8	40	-6
-38	58	16
52	42	20
-52	-74	0
28	-92	2
62	-6	-26
14	-14	-20
-60	-16	40
-20	-16	62
48	10	36
-12	-40	4
-20	70	8
32	64	16
28	-66	50
-18	-52	66
-16	-18	12
0	-26	-24
-6	-44	-30

// Kato J, 2009: Negative Political Advertisements, Unchanged > Changed
// Subjects=40
-43.96	-52.76	14.83
-69.15	-36.85	-8.73
-7.3	-66.33	5.46
32.04	-49.69	43.49
7.98	56.35	42.37
25.58	-75.86	39.46
51.14	-52.22	15.4
-15.8	47.45	40.29
-5.34	-42.69	-5.87
46.69	-35.74	8.24
40.89	-64.58	56.02
-13.42	-85.55	29.88

// Kato J, 2009: Negative Political Advertisements, Changed > Unchanged
// Subjects=40
71.36	-1.93	1.11
-35.58	-87.55	-13.25
44.63	-80.93	7.14
-43.85	22.47	38.76
16.08	-27.6	-17.82
-53.33	13.98	-28.59
58.33	34.71	3.31
-30.62	-89.34	36.15
-23.84	-68.43	64.22
-48.6	34.54	7.39
-66.59	-6.51	28.57
46.05	29.53	-28.46
16.92	-95.66	34.85
58.32	-62.75	-17.3
-38.22	4.04	-32.35
-56	-41.93	5
19.32	-59.98	60.41
14.1	-71.11	-12.36

// Kato J, 2009: Positive Political Advertisements, Unchanged > Changed
// Subjects=40
-15.29	-75.72	54.71
12.13	-42.34	8.36
5.55	-89.01	-8.2
-22.61	-62.31	-8.12
0.78	26.9	-19.59
27.1	-57.67	-7.18
-69.14	-38.97	-8.52
50.78	-62.57	-14.95
48.16	9.46	-36.6
-46.35	-78.56	-8.35
-35.89	-37.33	-27.18
50.67	-14.19	-14.13
53.03	-29.1	-1.49
-31.46	-16.82	-14.71
29.32	-77.98	-6.33
63.09	-49.53	20.53
-41.61	-72.13	25.67
-28.44	-69.46	41.99

// Kato J, 2009: Positive Political Advertisements, Changed > Unchanged
// Subjects=40
-60.69	3.39	-15.09
18.16	67.02	-4.8
-44.06	-26.17	12.2
-33.13	12	29.53
43.07	-52.35	60.37
-50.6	-58.39	0.93
56.28	-15.91	1.63
37.64	-65.03	-29.05
56.12	46.4	2.19
-32.55	-6.6	71.7
22.34	-12.76	-31.72
-28.42	-45.23	48.56
38.23	-77.04	14.71
73.7	-30.12	9.46
-27.3	-48.66	-34.04
46.78	14.2	25.71
25.54	-54.28	40.69
26.68	28.92	-22.47
-16.51	28.97	-19.5
-19.86	-55.71	39.36
8.02	-38.57	25.99

// Kato J, 2009: Negative Cola Advertisements, Unchanged > Changed
// Subjects=40
56.37	-43.67	3.26
62.99	23.08	27.92
48.37	-1	-22.12
14.43	53.93	39.14
-48.18	-45.46	24.26
49.12	5.68	37.72
60.4	-16.28	-14.09
-56.23	36.22	2.87
-3.1	66.25	22.53
-48.06	-82.89	25.73
-18.37	-34.44	-8.71
7.82	-90.4	-.26
-41.54	-.51	45.48
24.72	-16.62	-15.69
-7.04	47.24	49.13
17.33	-52.15	75.36
32.1	19.7	62.39
-60.11	12.11	32.22

// Kato J, 2009: Negative Cola Advertisements, Changed > Unchanged
// Subjects=40
16.61	-103.47	8.73
18.51	-17.86	5.83
33.77	11.61	21.7
37.67	-60.46	-26.14
-11.39	-105.07	16.09
-22.5	-19.92	8.97
-35.77	-72.53	-24.81
1.41	-50.47	13.83

// Kato J, 2009: Positive Cola Advertisements, Unchanged > Changed
// Subjects=40
40.11	26.97	13.35
-68.67	-32.15	30.02
55.71	5.02	-38.53

// Kato J, 2009: Positive Cola Advertisements, Changed > Unchanged
// Subjects=40
-8.84	-78.14	51.48
51.05	2.85	18.91
42.53	43.19	37.48
48.82	-79.72	-3.13
-41.61	29.59	45.86
-25.04	14.47	-13.43
-52.57	9.8	30.08
-43.74	-41.32	33.86
-32.81	-20.58	48.43
-33.75	38.04	-13.38
29.9	-69.26	40.98
25.3	-54.98	21.71
55.06	-51.92	-16.07
-6.92	-9.85	46.93
-48.59	-19.03	-3
20.53	-25.48	-6.9
33.11	18.74	-28.3
50.76	25.86	0.96
-7.05	-98.37	18.71
42.89	2.1	57.23
58.15	-3.84	-18.64
-50.95	23.3	-9.39
-50.44	-35.25	18.81
-21.73	-39.3	65.79
-69.17	-16.22	-6.28
40.6	-22.97	41.82

// Shane M S, 2008: Observed Errors > Observed Correct Responses
// Subjects=21
51	-36	48
-54	-27	51
-39	-54	60
-45	-81	0
39	-42	-36
-39	-57	-36
45	39	30
21	42	-21
54	-63	3
-12	-6	12
57	18	24
-63	-24	18
27	-24	3
12	-69	6
39	6	60
3	27	45
0	15	33
-9	36	18
12	21	-9

// Shane M S, 2008: Observed Errors > Observed Correct Inhibitions
// Subjects=21
6	30	-12
12	57	6
-6	42	-6
3	3	-15

// Shane M S, 2008: Observed Errors vs. Performed Errors
// Subjects=21
-45	-39	60
-33	-45	-51
0	-81	21
-66	-24	18
12	-66	9
-60	-21	42
-18	-48	63
-54	-27	51
-54	-72	12
-15	-51	-3
6	66	3
63	-18	36
45	-45	60
-9	0	60

// Straube T, 2010: Threatening Clips vs. Neutral Clips
// Subjects=40
8.7	-28.05	2.65
-8.38	-18.12	8.7
42.78	23.68	7.95
-34.17	19.79	5.82
5.65	10.88	38.45
10.03	-83.57	13.98
55.77	-60.26	-5.23
-7.97	-86.37	34.49
57.9	-59.19	-5.34
-56.44	-59.88	-3.97
30.49	-49.96	47.73
-20.78	-50.01	51.66
52.75	-35.25	29.51
-65.94	-30.13	23.75
49.41	6.23	29.41
-30.47	-8.06	58.29

// Benoit M M, 2010: Incongruent Non-McGurk - Congruent Pa
// Subjects=16
-65.95	-21.44	-1.51
-28.75	-2.68	47.9
-29.43	19.94	-17.45
-50.45	-38.54	47.14
-3.15	22.86	38.66
-8.7	-81.51	-3.04
-13.14	-101.1	-4.14
55.07	-33.7	-1.54
38.3	25.92	-4
10.9	21.25	30.27
44.49	9.18	29.56
47.96	-43.58	43.31
13.25	-91.69	-1.77
16.01	-95.82	7.8

// Benoit M M, 2010: Incongruent McGurk Fusion - Congruent Pa
// Subjects=16
-27.16	-2.31	46.96
-41	-78.28	-5.17
-61.31	-36.03	-2.01
-29.18	25.84	-10.03
-67.88	-17.18	-1.29
-44.79	-42.03	45.58
-41.06	9.04	36.69
39.28	22.14	-3.36
58.59	-42.22	7.61
10.29	15.79	46.46
44.09	20.48	-3.28
72.38	-39.38	23.94
27.46	-92.28	-2.44
34.61	-63.23	35.41

// Benoit M M, 2010: Incongruent Non-McGurk - Incongruent McGurk Fusion
// Subjects=16
-32.13	55.81	-6.15
-33.48	4.44	-22.12
-65.64	-30.35	34.69
-18.9	-52.57	3.23
51.98	-55.21	-8.4
23.66	-69.13	55.1
4.29	-69.84	8.99
26.7	-57	10.67
38.21	7.82	46.92
9.79	-88.96	8.97
36.76	23.68	3
14.61	-105.97	17.14

// Paulesu E, 2003: Nonlexical Lip-Reading > Baseline
// Subjects=8
0	14	64
-38	40	4
-34	32	-8
-42	10	28
-48	14	24
-38	8	32
-34	24	-12
-28	18	-12
-32	20	-12
-22	14	-12
-50	4	-8
-50	8	-4
-58	-16	4
-56	-14	0
-50	-4	-8
-58	-36	4
-44	-6	-16
-40	-2	-36
-52	-70	0
0	14	64
30	40	-12
60	-28	4
58	-34	4
62	-24	0
60	-6	-4
44	2	-16
52	-70	0

// Paulesu E, 2003: Nonlexical Lip-Reading > Lexical Lip-Reading
// Subjects=8
-40	-4	-36
-56	-62	8
52	-70	0

// Paulesu E, 2003: Lexical Lip-Reading > Baseline
// Subjects=8
-48	52	4
-36	26	20
-44	42	20
-30	32	-12
-34	34	-12
-24	22	-16
-34	18	-4
-36	24	4
-36	22	24
-40	22	20
-46	28	0
-54	16	8
-48	18	24
-36	8	28
-52	16	28
-44	2	32
-50	2	32
-52	-10	40
-58	-12	40
-50	-46	56
-60	-40	40
-42	10	0
-60	-42	8
-64	-28	4
-58	-18	0
-2	20	40
-16	-68	-36
-12	-68	-40
-20	-70	-36
38	48	4
50	30	28
36	40	4
44	48	0
34	44	4
38	24	-8
42	22	0
54	18	-8
48	22	8
52	26	4
52	-2	48
62	-56	40
48	-56	42
50	12	-12
56	14	-12
52	8	-12
54	-36	4
72	-30	-4
66	-52	4
68	-54	8
12	14	16

// Paulesu E, 2003: Lexical Lip-Reading > Nonlexical Lip-Reading
// Subjects=8
-46	54	0
-48	52	8
-46	40	16
-54	16	36
-48	36	20
-46	32	20
-36	30	20
-58	18	8
-56	24	8
-38	26	24
-44	28	24
-52	34	-4
-52	20	32
-58	14	4
-52	0	28
-50	-2	32
-42	-2	36
-46	-6	36
-50	-8	36
-54	-4	32
-38	-40	12
36	46	0

// Paulesu E, 2003: Conjunction Analysis, (Nonlexical Lip-Reading + Lexical 
// Subjects=8
-42	10	28
-48	14	24
-38	8	32
-34	26	-8
-28	18	-12
-50	8	-4
-58	-38	8
-58	-18	0
-56	-4	4
-64	-28	4
54	-36	4

// Paulesu E, 2003: Negative Correlation, Lexical Lip-Reading and Accuracy
// Subjects=8
-48	-4	36
-44	26	28
-44	8	32
-48	-44	60
-42	14	0
-62	-38	4
-50	-32	0
-56	-54	-8
-46	-68	-8
-52	-64	-8
-44	-72	-4
-56	-64	-12
50	-46	52
64	-22	8
58	-36	-4

// Aziz-Zadeh L, 2006: Observation > Rest
// Subjects=12
6	-92	-2
-42	-58	-16
44	-52	-18
-34	-44	46
28	-56	48
-54	-32	30
52	0	48
54	4	28
-52	4	30

// Aziz-Zadeh L, 2006: Observe Foot > Rest
// Subjects=12
6	-92	-4
-54	-32	30
-40	6	28
50	12	26

// Aziz-Zadeh L, 2006: Observe Hand > Rest
// Subjects=12
26	-90	16
-30	-6	46
54	2	38
-58	0	28

// Aziz-Zadeh L, 2006: Observe Mouth > Rest
// Subjects=12
26	-84	18
-20	-30	-4
60	2	42
-54	4	26
-34	0	-34
-32	-56	-58

// Jack A I, 2013: Social > Rest, Mechanical < Rest
// Subjects=45
-.58	-55.4	35.16
-0.02	51.34	11.7

// Jack A I, 2013: Mechanical > Rest, Social < Rest
// Subjects=45
-53.99	-36.81	46.48
-37.96	-44.37	43.58
-40.57	36.38	14.54

// Jack A I, 2013: Social > Mechanical
// Subjects=45
14.43	-98.72	24.12
28.89	-82.91	-34.25
-22.41	-78.99	-33.99
-53.99	-65.41	34.38
-60.51	-59.96	22.84
56.02	-56.55	29.03
3.46	-57.78	4.08
2.61	-54.41	33.92
4.17	-54.94	-41.89
-5.07	-46.65	11.06
65.45	-44.12	10.03
7.67	-38.63	3.54
-54.34	-39.35	-.14
-36.04	-31.27	20.16
-8.46	-32.1	-6.85
19.29	-27.87	-9.76
56.71	-27.48	-7.99
-60.85	-27.21	-7.78
2.56	-18.66	42.08
-20.31	-18.85	-13.41
57.69	-16.27	-14.52
3.37	-14.8	9.4
72.63	-13.09	-16.07
23.5	-12.07	-12.25
-54.58	-6.71	-18.49
52.18	1.71	-29.34
-50.43	3.03	-30.51
35.12	14.09	-19.04
-37.57	13.4	-21.49
40.3	13.47	-41.35
4.76	24.82	67.4
3.12	18.81	-10.14
57.76	23.94	9.99
53.39	25.09	-2.32
-46.06	26.01	-9.07
19.48	36.68	40.59
15.29	41.91	53.58
2.97	42.54	-19.94
-1.06	53.88	17.08
20.46	55.55	36.76
5.53	55.72	40.26
-14.88	58.88	27.97

// Jack A I, 2013: Mechanical > Social
// Subjects=45
43.28	-78.83	31.04
-23.96	-68.43	47.67
36.96	-67.98	48.05
19.91	-65.46	54.72
-11.05	-64.16	60.55
38.42	-68.39	-40.04
-54.31	-62.07	-4.93
62.12	-57.48	-11.11
-18.64	-46.74	52.48
40.37	-51.69	-58.19
-30.86	-46.15	-7.65
-46.46	-41.79	50.15
44.37	-40.1	50.09
33.24	-43.65	-8.6
59.28	-33.93	46.05
16.53	-33.21	45.37
-62.6	-32	40.6
-12.36	-30.47	42.12
-23.02	-10.47	53.95
-38.39	-9.3	1.61
43.88	-5.63	0.36
-.78	0.72	31.57
-23.05	5.73	57.05
26.1	5.94	55.36
-50	4.23	26.26
52.54	5.39	18.3
-29.9	15.33	2.8
-3.95	26.4	47.29
-43.74	35.65	19.09
45.99	40.25	15.45
-47.05	42.18	7.43
44.76	51.73	-1.11

// Spunt R P, 2012: Identify how > Infer why
// Subjects=22
-51	6	27
54	6	30
-27	-6	48
-48	42	18
0	-3	30
54	-33	45
-63	-27	36
27	-69	51
-24	-66	39
-30	-48	54
-54	-63	-12
-51	-39	-18
57	-60	-6
18	-72	-45

// Spunt R P, 2012: Infer why > Identify how
// Subjects=22
-42	27	-12
45	27	-12
57	27	9
-12	51	33
3	63	24
6	45	51
12	51	9
3	57	-18
6	21	60
-27	24	45
6	18	-18
-48	-54	24
-45	-69	39
54	-66	24
-3	-60	27
12	-54	39
-18	-54	9
51	-18	-21
-57	-12	-9
-57	-39	3
-63	-39	3
-54	12	-21
30	-48	-6
-21	-39	-9
12	-96	21
-9	-93	21
-21	-75	-9
15	-75	-6
0	-57	-45
-30	-78	-33
30	-78	-33
-9	9	-9
3	-6	9
-27	-12	-18

// Spunt R P, 2012: Why > Fixation masked by How > Why
// Subjects=22
-51	12	21
48	9	27
-51	-63	6
-45	-51	-15
48	-48	-15

// Grezes J, 2003: Perception of one's own action > Perception of the action 
// Subjects=6
-30.43	-4.77	68.12
36.34	-1.74	51
-43.51	-34.13	53.32
-48.67	3.41	-4.09
24.41	-43.03	-45.57

// Grezes J, 2003: False expectation > Correct expectation
// Subjects=6
55.11	26.09	3.1
-59.6	37.41	-7.27
44.07	33.1	-13.09
-33.77	25.82	-17.77
-.51	34.5	50.28
18.42	13.19	5
-50.44	-46.2	16.53
66.07	-44.9	0.97
-57.1	-49.8	1.31
-23	-83.82	-42.96

// Atzil S, 2011: Own Infant > Unfamiliar Infant
// Subjects=23
64.5	-36.32	28.35
45.14	-70.73	-2
42.22	-5.08	62.79
32.07	22.22	3.74
26.32	-53.27	60.32
7.15	-75.85	59.09
16	18.43	-2.45
15.97	-1.63	-14.15
3.69	-15.86	50.75
6.85	16.66	58.02
6.59	23.86	27.31
-3.08	46.27	28.89
0.79	-48.97	76.98
-9.5	6.62	12.21
-41.41	-74.42	-.7
-19.02	-12.22	17.25
-38.49	14.93	-1.53
-54.07	-49.72	30.83
-66.94	-37.11	29.92
-9.69	-5.21	-16.9
31.91	0.87	-24.58

// Bartels A, 2004: Color > Rest
// Subjects=5
-32	-70	-10
26	-74	-10
-36	-44	-22
24	-54	-14

// Bartels A, 2004: Faces > Rest
// Subjects=5
-44	-46	-24
44	-46	-26
-58	-58	16
56	-62	12

// Bartels A, 2004: Language > Rest
// Subjects=5
-66	-26	4
64	-24	0
-60	-12	-2
60	-2	-8

// Bartels A, 2004: Human Bodies > Rest
// Subjects=5
-44	-82	4
50	-74	2
-44	-46	-22
40	-44	-22

// Mouras H, 2008: Positive Correlations with Penile Tumescence (Time Lag = 
// Subjects=8
18	9	60
-12	24	45
39	33	36
6	-6	60
0	30	36
27	6	63
36	30	48
-30	36	36
39	33	36
42	48	12
-30	24	-15
36	24	-15
54	9	0
48	3	0
63	6	18
-3	-9	33
3	12	33
0	33	21
12	45	6
-15	-30	36
-33	-18	15
18	-54	18
-15	-30	36
9	-30	39
-51	-27	21
-54	-18	21
66	-12	21
-60	-27	21
57	-39	51
-54	-45	33
-42	3	6
-33	18	0
42	-12	3
63	-18	12
-54	-3	0
60	-6	0
48	15	-9
60	-33	12
6	-78	21
-9	-66	39
15	-51	51
15	-63	30
15	-9	12
18	21	-6
27	3	-9
-36	-12	-6
33	3	9
6	-51	-21

// Mouras H, 2008: Positive Correlations with Penile Tumescene (Time Lag = 
// Subjects=8
-18	-9	60
18	-9	66
9	-9	63
-9	39	45
-30	0	51
33	0	48
39	9	30
42	48	12
48	39	3
-51	12	15
39	9	30
-48	3	3
57	9	39
3	9	30
51	-27	57
-60	-21	27
60	-24	24
60	-12	21
60	-12	21
-21	-60	45
33	-45	66
36	39	69
-51	-33	48
57	-27	48
-39	12	-9
42	6	-6
-42	-6	-6
42	0	9
57	-9	0
-51	-57	-3
51	-63	-6
51	-63	-6
-36	-39	-3
-18	-36	3
-36	-60	-12
21	-72	39
42	-78	-6
15	-81	-3
12	-6	12
-21	-6	24
21	-27	18
-33	0	12
0	15	-6

// Mouras H, 2008: Sexual (Block) > Neutral (Block)
// Subjects=8
-48	-69	-3
-39	-45	-15
45	-57	-18
45	-72	-9

// Mouras H, 2008: Sexual (Onset) > Neutral (Onset)
// Subjects=8
-24	-3	69
-30	-9	-60
30	-6	57
45	9	24
0	3	33
-33	-51	51
-39	-45	57
-30	15	6
48	-63	-6
48	-60	9
-24	-57	51
-21	-75	33
30	-81	33
-9	-36	-6
-6	-6	9
-6	9	-3
3	-48	-3
33	-51	60

// Paul T, 2008: Heteroerotic > Neutral, Heterosexuals
// Subjects=12
18	42	-3
-18	3	30
-15	6	18
36	15	-3
24	51	12
-9	36	-15
36	-81	3
-51	-63	-6
60	-27	24
-69	-30	21
42	-48	-15
-42	-51	-21
21	-66	-51
-12	-72	-48
6	-27	-15

// Paul T, 2008: Homoerotic > Neutral, Homosexuals
// Subjects=12
6	48	-15
-24	33	-9
42	-81	0
-39	-75	3
60	-24	27
-24	-48	39
42	-51	-12
-48	-42	-18
24	-51	-48
-21	-60	-48

// Paul T, 2008: Homoerotic > Neutral, Heterosexuals
// Subjects=12
21	0	-18
9	6	0
45	3	0
-36	3	6
-12	9	-3
45	39	9
36	0	60
-54	18	12
-51	6	42
48	-75	-12
45	-75	-9
66	-30	33
-33	-48	57
42	3	-12
-39	9	-18
3	-27	-6
-6	-21	-9

// Paul T, 2008: Heteroerotic > Neutral, Homosexuals
// Subjects=12
-9	15	6
9	57	3
15	57	27
24	27	-15
39	15	-12
-39	15	-12
45	84	6
-54	-72	-6
63	-24	21
-66	-30	24

// Karama S, 2011: Amusement - Neutral
// Subjects=18
-45	10	30
-44	0	40
12	2	72
44	0	54
-60	-44	2
-58	-48	8
-52	-28	-12
-52	-12	-20
54	-48	4
52	0	-24
-62	-44	26
-30	-48	62
56	-36	20
34	-42	6
38	-84	-14
4	-94	8
-52	-58	8
-6	-52	42
8	-56	50
-2	-4	-4
-22	-18	-16
-6	-38	-42
4	-4	-6
8	-36	-42
-20	-86	-27
18	-80	-42
0	-62	-26

// Karama S, 2011: Disgust - Neutral
// Subjects=18
-10	66	18
-46	8	28
14	64	20
54	22	32
-54	-44	6
-54	-18	-18
-52	-34	-6
58	-12	-22
-36	-50	62
-60	-36	20
38	-44	48
62	-38	14
-26	-88	4
-54	-48	4
-12	2	14
16	10	14
8	-32	-20
2	-62	-38

// Karama S, 2011: Sexual Arousal - Neutral
// Subjects=18
-40	12	28
-40	4	40
48	4	52
54	14	30
-62	-44	14
-62	-30	20
-28	-54	62
62	-28	38
36	-54	58
52	-68	-12
2	-78	0
-40	6	-4
-2	-54	56
4	-54	58
-16	-16	-18
-10	14	2
-4	-32	-40
14	12	4
4	-30	-32
-44	-54	-30
0	-68	-36

// Karama S, 2011: Conjunction Analysis: Amusement - Neutral / Disgust - 
// Subjects=18
-6	14	52
-48	12	28
-44	4	42
40	28	-18
2	14	48
50	6	30
44	4	48
-50	-40	2
-48	-30	24
60	-30	26
44	-50	-24
-50	-54	-4
12	-18	38
-2	-4	-4
-20	-14	-18
0	-62	-36

// Karama S, 2011: Amusement > Disgust and Sexual Arousal
// Subjects=18
-60	-46	2
-52	-28	-12
-54	4	-24
68	-40	-2
34	8	-40
0	-56	54
4	-92	10
-52	-44	8
64	-56	18

// Karama S, 2011: Disgust > Amusement and Sexual Arousal
// Subjects=18
-36	30	4
68	-24	30
-28	-60	-10
32	-62	-8
-26	-88	6
-26	-94	24
32	-90	12
40	8	-14
0	-16	-18
0	-30	-20
-8	-6	-10
-26	-6	-16
-7	-6	-12
0	-70	-10

// Karama S, 2011: Sexual Arousal > Amusement and Disgust
// Subjects=18
-4	40	-16
0	38	-16
4	38	-16
-56	-62	-12
42	-74	-10
-22	-54	68
-26	-74	52
28	-50	70
36	-54	56
-4	36	-14
-4	-38	32
-8	-78	44
-2	-76	48
4	36	-12
2	-38	32
6	-78	50
8	-70	38
-28	-60	-30

// Callan A M, 2009: Driver Occluded View (DO) > Driver Occluded View with 
// Subjects=14
-13.7	-83.27	8.37
-68.62	-29.6	34.25
-42.08	-9.98	1.6
41.88	5.47	-21.53
-24.94	37.09	-1.11
53.18	-2.77	16.07
-52.68	-6.33	18.23
14.61	-2.75	41.38
-11.59	22.5	25.88
29	-76.01	-31.18
-56.24	-16.38	-8.73
-9.9	56.18	-4.37
-31.51	-10.64	-17.56
41.98	-16.76	-18.21
-26.8	-19.73	11.27
-25.16	0.46	-25.49
26.84	30.16	-9.15
-22.47	15.36	18.93

// Callan A M, 2009: DOC > DO
// Subjects=14
-29.18	-65.19	-15.57
33.57	-55.52	-7.51
-32.77	5.98	57.01
40.56	-80.14	27.31
-50.42	-75.64	11.6
36.58	-50.24	60.27
-31.98	68.32	46.35
-15.27	-62.44	59
17.16	-68.71	59.07
-28.43	-78.18	40.61
37.45	-73.69	39.05
10.17	-96.59	13.76
-9.41	-74.74	7.45
12.19	-63.72	9.35
48.88	15.92	21.02
14.11	-75.36	-11.94
1.1	-77.95	-15.94
48.84	-77.39	-1.12

// Callan A M, 2009: Driver Non-Occluded View with Camera (DNC) > Driver 
// Subjects=14
40.62	-80.79	31.85
-30.78	-80.71	25.21
10.28	-94.7	22.54
-11.6	-72.73	6.17
33.59	-61.91	-6.88
-20.4	-69.54	-5.2
23.52	-72.91	48.17
44.51	-77.41	-1.05
16.34	-48.58	-1.18
38.68	-48.53	55.59
-.18	-65.89	55.72

// Green A, 2009: German, Unrelated > German, Iconic
// Subjects=16
-44	-36	40
-60	16	24
52	-36	36
48	32	12
8	20	56
8	-36	56
-60	-60	-4
44	12	48
-20	-12	-16

// Green A, 2009: German, Iconic > Russian, Iconic
// Subjects=16
-40	-72	8
44	12	-28
60	-44	-8
-60	-20	36
12	-8	-16

// Green A, 2009: German, Unrelated > Russian, Unrelated
// Subjects=16
-56	-8	-20
-44	28	0
56	-52	-8
-32	-44	44
-44	4	48
56	0	-24
36	-52	48
60	-4	36

// Green A, 2009: German, Iconic > German, No Gestures
// Subjects=16
-48	-76	-4
52	-72	-4
68	-24	8
-20	-28	-8

// Green A, 2009: German, Unrelated > German, No Gestures
// Subjects=16
-48	-76	-4
44	-68	-4
32	-56	44

// Green A, 2009: German, Iconic > Russian, Iconic and German, Iconic > 
// Subjects=16
-48	-68	4

// Green A, 2009: German, Unrelated > Russian, Unrelated and German, Unrelated 
// Subjects=16
-56	-68	0
56	-64	-4
-32	-44	44
32	-52	44

// Green A, 2009: [GI > RI and GI > G] and [GU > RU and GU > G]
// Subjects=16
-52	-68	0

// Green A, 2009: [GI > RI and GI > G] masked by [GU > RU and GU > G]
// Subjects=16
-40	-76	8

// Green A, 2009: [GU > RU and GU > G] masked by [GI > RI and GI > G]
// Subjects=16
-56	-56	0
56	-64	-4
-32	-44	44
32	-52	44

// Habermeyer B, 2009: Deviant Pattern > Silence
// Subjects=8
55.69	-13.77	4.25
38.4	-8.18	-18.32
-2.99	6.54	24.41
-12.39	-50.53	30.42
-31.01	42.36	8.35
-45.78	-24.95	6.36
-38.37	24.94	17.7
-44.35	-77.16	33.02

// Habermeyer B, 2009: Standard Pattern > Silence
// Subjects=8
51.28	-5.3	-9.79
-30.48	-71.87	31.31
-49.06	-13.59	2.1

// Habermeyer B, 2009: Musicians vs. Non-musicians, Deviant Pattern > Silence
// Subjects=8
19.08	30.28	-14.63
-43.98	30.88	-15.07
-55.6	-15	-15.55
-60.71	-17.04	13.67

// Moran J M, 2004: Study 1, Seinfeld: Humor Detection (Preceding Laugh Track 
// Subjects=12
-48	-38	-3
-48	-48	-14
-45	-5	-35
35	-5	-35
-33	-3	-20
47	-26	-6
24	-69	-34

// Moran J M, 2004: Study 1, Seinfeld: Humor Appreciation (Laugh Track > 
// Subjects=12
-36	11	-3
36	5	-10
-21	-1	-17
21	-2	-16
-18	-21	7
-23	-38	57
53	12	2
39	-47	-14
6	-11	6
-33	-32	-7

// Moran J M, 2004: Study 2, Simpsons: Humor Detection (Preceding Virtual 
// Subjects=13
-48	-38	-3
-45	26	-11
-48	-3	-33
48	-22	-4
33	-71	-34

// Moran J M, 2004: Study 2, Simpsons: Humor Appreciation (Virtual Laugh Track 
// Subjects=13
-33	14	-6
39	5	-8
-21	-1	-17
21	-1	-16
-18	-20	7
6	-11	6
-23	-38	57
53	9	8
-24	-27	-15

// Moran J M, 2004: Functional Dissociation between Humor Detection and Humor 
// Subjects=12
-48	-38	-3
-48	26	-14
-36	11	-3
-21	-1	-17
21	-2	-16

// Moran J M, 2004: Functional Dissociation between Humor Detection and Humor 
// Subjects=13
-48	-38	-3
-45	26	-11
-33	14	-6
39	5	-8
-21	-1	-17
21	-1	-16

// Nahab F B, 2009: Control vs. Baseline
// Subjects=18
-19.4	-95.75	3.63
25.48	-88.88	5.88
-16.69	70.51	6.38
28.18	60.75	-0.01
6.11	8.48	28.05

// Nahab F B, 2009: Cough vs. Baseline
// Subjects=18
50.76	29.41	5.71
57.45	-36.91	14.54
-57.9	-40.26	22.83
-38.67	-86.35	3.06
-61.34	23.17	17.56
47.91	-72.37	10.93
53.74	7.32	-32.62
28.71	-95.21	6.37
31.19	29.13	-37.54
2.44	-32.6	-48.76
38.1	-61.28	-9.96

// Nahab F B, 2009: Gape vs. Baseline
// Subjects=18
-45.02	-69.24	18.43
47.95	-68.69	17.31
-38.66	-82.92	6.12
54.3	3.2	37.98
63.91	-42.96	18.32
-38.68	-.79	36.03
2.85	-38.26	1.9
-10.17	-13.99	-13.37
9.46	13.22	47.69
47.59	26.48	9.34
60.74	-19.48	33.11
-15.87	-10	80.04
28.91	-53.54	49.72
-38.85	-51.97	-6.51
57.26	-48.74	-14.58

// Nahab F B, 2009: Yawn vs. Baseline
// Subjects=18
47.9	-75.8	7.87
-41.86	-82.94	6.16
57.54	6.9	44.32
-.37	-35.11	1.67
2.49	30.5	-17.25

// Nahab F B, 2009: Gape vs. Yawn
// Subjects=18
-31.91	-29.9	71.85
73.34	-41.52	-5.33
-61.26	-61.62	-5.45
-10.2	-11.07	-16.96
-6.52	-35.75	35.25
15.32	-54.98	-50.37
0.06	-86.72	36.1
-6.45	-67.98	31.26
57.56	-19.25	36.47
-61.05	-19.96	37.9
12.73	-38.81	35.28
-25.7	4.26	58.88
-41.95	-11.35	23.57
-67.78	-33.11	-7.76
-13.42	61.27	10.46
35.01	32.15	42.46
2.72	9.84	4.56
18.92	-83.86	-11.19

// Nahab F B, 2009: Yawn vs. Gape
// Subjects=18
2.5	27.33	-16.98

// Ross L A, 2010: Heider and Simmel (HSim) > Bumper Cars (BCar)
// Subjects=15
58.68	2.6	-18.34
59.04	-50.76	7.32
58.82	27.12	9.71
1.95	55.19	-7.6
39.6	-45.27	-16.34
-52.44	-4.5	-17.59
-55.27	-46.7	14.98
-53.42	26.1	6.62
-.18	55.18	-7.58
-41.61	-46.81	-15.28

// Ross L A, 2010: BCar > HSim
// Subjects=15
36.29	60.11	11.66
25.48	43.44	-10.23
15.99	8.49	-7.19
14.93	7.42	-7.09
4.57	-78.2	1.32
-23.66	42.17	-8.45
-9.92	81.38	-11.89

// Ross L A, 2010: BCar > Still image (SI)
// Subjects=15
44.06	-66.42	-1.23
33.41	-90.26	-5.8
-34.91	-92.19	2.95

// Ross L A, 2010: SI > BCar
// Subjects=15
17.21	-44.89	-9.42
70.65	-47.74	-9.8
2.23	29.49	17.97
2.08	47.76	6.4
-18.07	-40.87	-9.35
-57.61	-38.99	-9.06

// Peigneux P, 2004: Familiar Gesture Imitation (FI) vs. Novel Gesture (NI), P 
// Subjects=15
0	-64	32
-62	-56	26
-40	-68	40
-62	-42	-10
-60	-38	2
-48	-62	28
-14	38	46
46	-66	42
62	-16	-20
60	-14	-10
58	26	16
50	18	22
36	28	48
28	56	-8
2	54	-10
2	62	-8
16	58	-24
22	56	14
14	50	-26

// Peigneux P, 2004: Familiar Gesture Imitation (FI) vs. Novel Gesture (NI), P 
// Subjects=15
-42	-76	36
-38	14	34
54	-58	26
50	-58	50

// Peigneux P, 2004: NI vs. FI, P < 0.001
// Subjects=15
-18	-52	58
-44	-32	48
-2	-60	-20
14	-52	52
24	-66	50
66	-24	32
68	-30	40
4	-52	-16

// Peigneux P, 2004: NI vs. FI, P < 0.05
// Subjects=15
-40	-44	54
-46	-40	58

// Peigneux P, 2004: Posture Decision (PO) vs. Orientation Decision (OO) and 
// Subjects=12
-40	-52	-28
-30	-82	46
68	-26	-4
6	-50	48
32	10	48

// Peigneux P, 2004: PO vs. OO and NI vs. FC, P < 0.05
// Subjects=12
-54	-78	6
52	-74	2
58	-54	6
60	-44	14
64	-46	34
68	-44	26

// Peigneux P, 2004: FI vs. FC and Familiar Posture Naming (PN) vs. Familiar 
// Subjects=12
30	-18	54
40	-30	42
36	-24	22
56	-76	-14
60	-70	-4
56	10	42
50	-4	-16
48	-2	-6
40	-56	60

// Peigneux P, 2004: FI vs. FC and PN vs. ON by PO vs. OO, P < 0.05
// Subjects=12
-48	-78	0
-34	-52	60

// Peigneux P, 2004: FC vs. SA and FI vs. NI, P < 0.001
// Subjects=12
-44	26	-2
-12	-2	20
58	-48	22
4	-26	12
34	12	-22

// Peigneux P, 2004: FC vs. SA and FI vs. NI, P < 0.05
// Subjects=12
-56	-54	20
-46	-60	14
56	22	10
44	10	24
58	-54	14
44	12	16

// Peigneux P, 2004: FC vs. SA by FI vs. NI, P < 0.001
// Subjects=12
-18	-52	58
-56	-66	2
-40	-36	54
-30	-32	58
-40	-12	48
-16	-20	40
-10	-22	0
-16	-8	-2
-18	-62	-32
14	-52	52
58	-62	-2
66	-30	28
16	-58	-16
36	-50	-30
20	2	62
16	-18	64

// Peigneux P, 2004: FC vs. SA by FI vs. NI, P < 0.05
// Subjects=12
-16	-84	38
-16	-4	60
0	-62	-18
26	-64	54

// Peigneux P, 2004: FC vs. NI and PN vs. ON, P < 0.05
// Subjects=12
-56	-46	2
-60	-56	18
-46	-60	18
-48	16	6
-54	28	-4
-54	18	12
-52	10	16
-40	18	-8
-36	20	28
-36	56	-2
-30	56	-12
-8	20	64
-6	-4	6
24	-76	-32
6	28	34
50	20	0
16	48	14

// Pekkola J, 2006: ATT_VOWELS vs. Baseline
// Subjects=10
-13.58	-94.69	-3.78
37.34	28.16	-2.4
-37.4	20.66	3.55
-34.68	-43.58	53.51
50.8	-40.95	52.31
-9.24	11.56	48.6
67.63	-32.67	20.2
-59.52	-35.46	23.01

// Pekkola J, 2006: ATT_CIRCLES vs. Baseline
// Subjects=10
-41.33	-83.51	5.64
46.27	11.21	39.07
-51.85	-5.99	59.48
-23.79	-53.52	75.41
50.81	-43.07	52.49
-.63	15.47	57.09
64.43	-34.81	20.42
65.51	-36.92	20.58

// Pekkola J, 2006: ATT_CIRCLES > ATT_VOWELS
// Subjects=10
14.65	-66.83	64.94
24.61	60.89	22.88
31.47	2.89	56.66

// Abler B, 2011: Erotic - Neutral (videos): Placebo
// Subjects=18
-6	36	-2
2	34	10
-4	26	24
-2	-12	34
-6	-24	-12
6	-26	-14
-14	20	-10
8	16	-4
-2	18	2
12	-4	-6
-6	-2	-12
-42	38	10
48	38	6
-52	4	24
50	6	18
-42	4	-4
44	8	-8
-34	18	10
38	26	8
-54	-30	30
58	-32	22
-44	-66	-4
50	-68	-10
-36	-16	-8
24	-68	-26
-22	-68	-24

// Abler B, 2013: Erotic > Non-Erotic Videos, Unmedicated Follicular Phase > 
// Subjects=12
62	6	18
-58	8	16

// Abler B, 2013: Erotic > Non-Erotic Videos, Females taking oral 
// Subjects=12
48	44	6

// Abler B, 2013: Erotic > Non-Erotic Videos, Unmedicated Follicular Phase
// Subjects=12
-56	6	16
52	4	12
56	8	32
-40	-2	10
42	8	-8
30	20	8
-34	22	8
2	14	28
6	-2	34
-46	38	18
50	38	14
60	-32	20
-60	-34	28
46	-58	-12
-40	-68	-8
-6	-12	2
8	-18	8
14	4	-2
-8	4	-4
-6	-28	-14
-14	-10	-8
14	-10	-8
-26	-70	-26
-28	-62	-28
24	-66	-28

// Abler B, 2013: Erotic > Non-Erotic Videos, Unmedicated Luteal Phase
// Subjects=12
-56	6	18
48	2	14
54	8	26
-36	-4	12
40	6	-10
38	22	8
-30	16	12
-4	18	30
2	4	32
-36	40	28
42	44	18
62	-30	22
-60	-36	-28
46	-58	-10
-44	-70	-8
0	-14	8
8	-22	-14
-16	-8	-8
-28	-70	-26
26	-66	-28
12	-4	-8

// Abler B, 2013: Erotic > Non-Erotic Videos, Females taking oral 
// Subjects=12
-54	6	22
48	6	24
54	4	34
-38	-12	-6
38	-4	-12
36	30	6
-36	22	4
2	10	28
-4	-4	36
-44	36	12
50	42	6
58	-32	20
-60	-34	28
46	-58	-12
-40	-68	-8
8	-18	8
-8	-20	-12
-14	-8	-8
22	-2	-14
-22	-4	-16
-30	-60	-26
24	-66	-26
-6	-4	-6
18	-12	12
-4	-12	0

// Arnow B A, 2009: Erotic > Sports, Healthy Controls (Activations)
// Subjects=20
-27.57	-84.2	22.14
-53.9	-74.12	-6.42
-46.04	-83.92	14.59
-48.44	-61.68	0.1
-36.24	-86.56	20.28
-49.64	-68.04	-10.46
-26.25	-58.3	46.45
-62.15	-26.39	33.82
-26.28	-68.39	41.85
-64.48	-27.64	20.54
-29.62	-80.08	31.86
-66.36	-22.28	43.57
-40.41	-40.58	41.58
-.16	-68.35	-28.08
-0.06	38.55	1.69
-31.57	30.5	-13.79
-2.2	46.3	4.32
-30.42	-72.48	55.77
-9.95	-86	47.8
-2.03	-20.27	4.18
-14.15	-.18	-9.93
-18.59	53.61	-8.45
-16.31	57.84	2.29
-51.74	7.94	10.08
0.32	21.69	28
-2.09	-28.33	-1.75
-28.5	33.62	-26.48
-39.86	-88.31	-9.74
-39.93	50.08	12.43
-24	-4.44	-20.55
-11.92	10.23	-2.03
-9.86	-25.56	-17.58
-50.36	1.41	31.99
-28.53	1.64	-35.64
-44.32	-32.5	-9.58
26.57	-86.37	30.4
25.6	-62.58	43.75
52.04	-67.81	-2.12
25.57	-70.44	40.05
36.59	-52.37	60.48
23.78	-72.45	-15.75
50.02	-82.08	6.05
32	-79.55	34.12
31.83	-84.09	20
23.54	-63.99	51.77
13.87	-52.04	-26.57
27.93	-56.24	-26.39
37.75	36.45	0.13
4.4	36.31	11.92
21.67	19.79	6.53
16.01	-6.22	-18.81
31.99	-6.32	48.16
20.41	-74.12	58.43
33.57	-35.86	-3.85
28.39	-34.22	14
51.71	-41.82	-22.62
14.27	-16.19	12.46
50.05	7.83	26.28
34.35	-1.56	64.46
16.35	-25.52	4.38
24.47	0.11	-31.91

// Arnow B A, 2009: Positive Correlations with Subjective Sexual Arousal, 
// Subjects=20
-51.54	-80.31	7.6
-53.86	-76.04	-3.99
-48.4	-79.96	-.33
-28.36	-96.26	42.4
-15.63	-100.11	23.51
4.22	-81.72	58.34
-38.08	-51.78	-32.43
-19.82	-74.44	-46.19
-4.19	34.46	15.61
-.45	-96.34	28.49
-39.5	-97.73	15.84
-18.42	-71.61	64.44
-7.74	-84.51	52.09
-48.52	58.12	18.5
-23.98	-2.11	-18.54
-19.54	-4.45	-9.42
-9.53	-73.45	-1.64
-47.59	-43.67	-14.02
-64.35	-1.52	35.88
-28.14	-54.1	68.48
-15.87	-14.4	21.76
54.17	-68.01	-4.38
42.31	-77.72	-4.34
37.89	-76.34	-12.25
16.27	-74.29	-12.08
17.94	-98.3	29.49
20.24	-88.54	41.93
46.28	10.46	-14.25
41.98	-53.96	-25.73
32.23	34.44	-9.66
29.8	6.2	-35.96
28.09	30.35	4.26
19.79	-2.16	24.43

// Brunetti M, 2008: Erotic > Sport
// Subjects=18
31.58	-50.84	50.02
-24.06	-46.4	43.59
58.12	-25.02	37.51
-57.28	-27.82	39.07
51.5	8.98	23.58
-47.85	7.59	28.19
53.7	-18.92	20.32
-54.41	26.87	16.61
41.7	31.25	9.56
43.86	0.71	-.17
-42.69	1.33	1.89
1.22	-12.78	8.14
0.12	-10.84	5.76
27.08	-89.44	5.35
-27.41	-92.94	6.27
4.2	27.79	-4.22
-1.13	23.53	-3.8
-51	-59.96	8.24
11.71	-4.83	-13.83
-2.17	-4.82	-12.56
17.12	-20.57	-11.46
-17.09	-17.6	-11.32
48.16	-53.93	-19.06
-45.88	-49.04	-16.16
26.6	-1.11	-22.12
-22.56	-1.4	-21.53

// Montorsi F, 2003: Erotic > Neutral, Controls
// Subjects=4
-22.08	-92.27	27.33
-46.27	-86.75	-4.18
-46.38	-87.58	-13.06
-50.11	-34.99	44.55
-30.4	-57.07	59.85
29.47	-26.56	15.47
38.21	-82.67	11.91
49.1	-75.42	19.97
51.45	-34.63	42.79
34.43	-61.1	59.14
-52.54	6.72	31.5
-61.44	13.53	13.05
64.18	9.67	33.7
61.67	11.43	6.68
-59.7	19.14	-18.91
48.35	-0.04	-23.34
13.88	-40.99	-23.18

// Sundaram T, 2010: Erotic (Early Stage) > Rest
// Subjects=14
34	-84	24
-36	-89	1
-36	-89	-1
-34	-57	-7
-22	-86	-4
-22	-93	1
-28	-58	-4
-2	2	-3
-2	-42	8
20	10	9
-10	0	2
10	1	13
-4	-4	4
-57	-36	20
-2	-8	-1
6	-43	-40
18	-27	-26
-38	-77	-23
2	-63	-10

// Sundaram T, 2010: Erotic (Mid Stage) > Rest
// Subjects=14
-28	-80	26
-34	-87	3
-36	-82	-11
-38	-80	-11
22	-87	3
26	-83	12
-28	-20	-12
-32	-47	-6
-24	1	-17
6	17	25
-26	-71	13
30	-8	-6
-8	14	7
-18	-17	17
-4	-4	-7
-57	-34	20
-16	-18	-8
-49	-62	-31
-2	-72	-32

// Sundaram T, 2010: Erotic (Late Stage) > Rest
// Subjects=14
36	-84	24
-46	-70	-3
-34	-72	-3
32	-68	-8
-32	-72	-3
-26	-81	10
-30	-53	-6
30	-1	-15
6	26	15
22	17	-6
-24	-10	0
10	21	1
6	-17	16
-8	-6	-5
-57	-36	18
-10	-18	-11
-8	-41	-38
-18	-38	-30
-36	-51	-18
-2	-60	0

// Woodard T L, 2013: Sexual > Neutral, Healthy Controls
// Subjects=6
14	-70	-8
34	1	-2
38	-1	10
48	-33	34
17	-11	5
49	-31	17
43	-8	8
-3	-64	2
1	-67	-4
-12	-37	-5
-36	-1	0
-34	-29	-8
-55	-37	21
-48	-3	41

// Zhu X, 2010: Erotic - Neutral, Other > Ovulation
// Subjects=15
47	9	37
53	-66	-11
-24	-58	45
-46	-18	48
55	31	7
18	-57	51

// Zhu X, 2010: Erotic - Neutral, Menstruation > Ovulation
// Subjects=15
42	-68	3
-25	-56	47
44	12	31
22	-54	51
-46	-18	47
29	-63	-17

// Zhu X, 2010: Erotic - Neutral, Menstruation/Other > Ovulation
// Subjects=15
44	10	33
-24	-57	44
55	-63	-13
-46	-18	48
18	-57	51

