// Reference=MNI
// Rubia K, 2001: Generic Go/No-Go Activation
// Subjects=15
-36.09	24.2	35.58
50.4	27.38	27.63
-51.25	13.26	5.45
44.07	7.25	29.39
4.51	37.56	39.57
-1.78	4.75	42.39
4.62	20.1	47.72
-54.29	33.61	35
53.94	-48.22	40.62
-39.25	-78.55	0.74
19.86	-68.09	48.25
-11.1	-62.47	54.83

// Rubia K, 2001: Generic Stop Activation
// Subjects=15
53.46	5	-.64
43.83	20.17	3.77
-41.68	12.89	-.21
53.91	-39.76	39.91
4.71	8.9	54.24
7.7	30.81	34.52

// Rubia K, 2001: Activation Common to All Go/No-Go and Stop Task Versions
// Subjects=15
-51.29	12.83	-0.09
53.46	5	-.64
47.32	7.79	36
4.47	37.14	34.03
4.58	19.59	41.08
4.64	16.93	47.99
50.71	-39.78	39.95
-51.03	-44.9	10.32
66.41	-27.71	1.95

// Rubia K, 2001: Differences Between Generic Go/No-Go and Stop Task 
// Activations
// Subjects=15
-32.84	10.48	36.69
-54.07	-25.6	39.96
-4.99	4.73	42.43

// Watanabe J, 2002: Areas Activated During Preparation Phase
// Subjects=11
-44	-8	52
-24	-84	18
46	6	36
20	-74	-12
6	12	40

// Watanabe J, 2002: Areas Activated During GO Phase
// Subjects=11
-34	-8	60
-12	-14	6
14	-52	-26
6	-10	4
4	18	26

// Watanabe J, 2002: Areas Activated During NO-GO Phase
// Subjects=11
-34	56	18
-44	-6	38
-30	-60	42
34	50	18
46	-72	-2

// Watanabe J, 2002: Specific Activation Areas During GO Phase
// Subjects=11
-32	-8	62
-16	-14	4
14	-52	-26
4	-10	6
2	22	24

// Watanabe J, 2002: Specific Activation Areas During NO-GO Phase
// Subjects=11
-30	54	24
-28	-62	40
30	46	14
44	-74	2

// Braver T S, 2001: Conjunction Analysis
// Subjects=14
38.46	47.35	11.59
38.42	17.25	-5.96
-33.15	17.08	-1.77
3.6	8.47	48.71
61.31	-47.17	25.95
42.25	-38.89	52.24
13.48	-67.87	51.65
-6.78	-67.48	58.54
-26.72	-65.01	-31.76

// Braver T S, 2001: Disjunction Analysis
// Subjects=14
35.37	45.18	25.19
48.28	13.28	24.37
54.56	8.6	4.62
13.03	23.1	30.65
16.49	12.49	58.26
57.95	-55.34	3.25
29.38	-69.06	34.84
54.95	-40.1	35.47
-58.33	-47.38	34.03
16.72	-70.76	55.2
35.99	-53.76	66.94
3.7	2.89	59.21
-.66	-1.33	46.24
-35.78	-26.41	55.43
-49.07	-4.96	3.6
-55.25	-25.67	25.48
-36.16	-76.47	-13.97
35.13	-57.21	-46.51
22.97	-6.51	59.78

// Garavan H, 2002: Successful NoGos
// Subjects=14
48.41	-18.36	28.14
40.98	9.58	45.96
54.68	-4.46	14.64
7.95	1.6	55.93
3.61	-14.51	40.6
11.07	-25.64	33.64
-5.04	-25.54	22.67
53.64	45.26	38.36
36.44	63.94	33.64
61.8	47.89	-11.02
8.54	16.45	0.03
-10.67	15.44	2.57
25.72	-5.74	0.58
-15.97	0.52	2.76
51.32	-11.56	-8.15
-28.75	-13.39	2.96

// Garavan H, 2002: Errors
// Subjects=14
46.31	3.98	41.91
-46.74	1.42	30.92
-18.82	12.99	54.16
6.84	-5.43	47.61
55.75	46.16	36.03
-52.18	31.17	30.72
62.92	47.35	-4.3
-51.47	62.61	-3.15
-52.55	72.38	-.61
41.73	-11.28	-3.6
-33.01	-13.33	4.12
19.31	-6.84	0.74
-5.28	0.59	2.63
7.47	22.95	1.73
9.52	31.97	-5.74

// Kawashima R, 1996: Go/NoGo Task - Control Task
// Subjects=9
-36.84	-14.18	62.23
-28.37	-18.25	50.2
-22.93	-8.47	66.05
-13.31	-13.87	64.16
-52.12	-1.15	25.62
-5.77	-16.49	70.98
-52.07	-31.36	20.35
-65.91	-50.73	18.79
-19.97	-58.2	14.43
-37.24	-77.71	-16.08
-4.86	-6.05	54.49
-35.18	-79.61	-27.1
5.97	-13.24	70.58
5.8	-42.51	36.23
41.97	-48.32	12.88
42.17	-81.47	24.58
28.95	-59.25	-17.27
29.97	-65.3	-26.82
-45.49	-12.01	49.88
-39.24	-3.74	32.38
-29.43	-13.77	53.18
-26.49	29.55	35.02
-27.68	54.75	30.69
-34.66	-32.4	60.38
-49.98	-5.54	23.74
-29.47	-62.52	28.28
-26.32	-74.1	15.83
-7.15	11.06	41.93
-35.12	-6.48	10.26
8.04	4.75	69.05
21.54	38.13	31.52
44.15	12.51	42.33
43.94	35.63	24.78
37.64	23.5	33.68
39.68	18.17	19.6
23.35	32.51	-13.75
5.63	13.97	37.07
5.58	9.05	28.57
14.06	-19.05	8.52

// Liddle P F, 2001: Go - Baseline
// Subjects=16
-38	-26	65
-8	-15	70
0	15	45
-26	-41	70
-45	-45	60
-8	-52	70
-64	-38	30
68	-30	30
8	-64	65
8	-75	55
56	-45	50
-60	15	-10
54	22	-15
-60	-19	10
68	-19	15
-68	-30	25
-1	-8	10
11	-4	15
14	-8	24
-4	-22	15
-14	-4	24
8	-34	5
-11	-4	15
8	0	5
8	-90	35
-4	-90	35
26	-52	-25
19	-68	-50
-34	-49	-50
-34	-49	-30
26	-45	-50
-26	-71	-50

// Liddle P F, 2001: Correct NoGo - Baseline
// Subjects=16
8	15	65
4	19	45
26	52	35
8	-15	70
52	-52	50
-26	-41	70
-8	-34	75
-45	-49	60
8	-75	55
52	22	-15
-52	19	-15
-64	0	-5
-15	-4	15
8	-82	45
-4	-90	35
45	-49	-30
-26	-68	-50
-38	-64	-25
15	-79	-45

// Liddle P F, 2001: Correct NoGo - Go
// Subjects=16
-38	0	50
-8	22	55
38	8	40
-45	19	30
-34	52	10
41	34	-15
-49	30	-15
-8	45	50
-30	40	34
-38	-64	40
30	-79	40
-60	-52	30
41	-56	45
-8	-68	40
52	-52	30
45	-68	35
-52	-30	0
26	-86	35
30	-75	30
34	-98	0
-19	-94	30
38	-94	-10
-26	-94	-10

// Liddle P F, 2001: Go - Correct NoGo
// Subjects=16
-38	-26	65
-30	-41	70
0	-11	60
68	-22	25
64	-15	40
-41	0	5
64	15	5
-45	-41	60
41	-45	65
-60	11	-10
-60	-19	15
68	-19	10
0	-8	15
26	-49	-25
19	-64	-50
-26	-49	-25

// Menon V, 2001: Incorrect NoGo - Correct NoGo
// Subjects=14
10	34	22
-44	-4	2
40	16	-2
-8	-66	36

// Menon V, 2001: Go/NoGo - Go
// Subjects=14
-34	50	32
26	46	30
-40	30	2
40	20	2
-42	-8	46
50	-4	42
4	16	46
-18	-58	-6
20	-60	8
36	-56	44
-22	-52	46
-14	-6	2
16	-6	12

// Menon V, 2001: Go - Rest
// Subjects=14
38	-26	56
-8	2	56
44	-68	-20
-46	-68	-16
-34	-66	56
-42	-4	46
50	2	38

// Wood J N, 2003: Social SEC vs. Control
// Subjects=20
-11.51	49.38	37.79
-7.37	55.7	24.77
-15.68	38.5	47.9

// Wood J N, 2003: Nonsocial SEC vs. Control
// Subjects=20
0.84	12.01	-18.12
-6.56	-17.04	73.41
18.9	38.62	47.3

// Wood J N, 2003: Social Semantic vs. Control
// Subjects=20
-11.37	42.77	47.4
-2.94	53.25	32.78
-51.04	29.16	-15.57
-29.56	35.95	-24.45
1.81	-15.79	51.85
6.33	-13.15	68.32

// Wood J N, 2003: Nonsocial Semantic vs. Control
// Subjects=20
-58.38	23.14	0.84
-51	29.47	-12.24

// LaBar K S, 1999: Working Memory and Spatial Attention
// Subjects=11
24	-60	60
45	-45	51
-21	-60	48
-42	-48	45
54	12	30
-54	15	27
-42	3	33
0	12	45
-27	-3	45
36	6	48
51	3	42
-12	-9	15
-9	-3	9
15	-3	15
-30	-66	-39
-39	-57	-39
48	-57	-33
36	-66	-36
36	-75	-36
3	-51	-24
-48	-63	-6
-45	-54	-12
-60	-42	6
-54	-57	-6
42	21	-6
-54	15	-6

// LaBar K S, 1999: Spatial Attention
// Subjects=11
-48	-72	3
57	-54	3
54	-66	3
-30	-87	0
-42	-78	3
-24	-63	-3
33	-84	12
42	-81	0

// Vink M, 2005: Go/Stop and Go Only
// Subjects=20
-22	5	-4
22	5	-4
42	-23	56
2	-3	56

// Vink M, 2005: Go/Stop > Go Only
// Subjects=20
-18	10	0
18	10	-4
-6	1	60
-42	18	-4

// Vink M, 2005: Parametric Analysis
// Subjects=20
-18	10	0
18	10	-4
-6	10	48
-42	18	-4

// Vink M, 2005: Correct vs. Incorrect Stop
// Subjects=20
-22	10	-4
22	10	-4

// Asahi S, 2004: Response Inhibition
// Subjects=17
58	-42	18
60	-52	8
52	-60	10
26	4	50
44	12	38
40	34	30
48	30	18
52	26	26
24	-76	40
34	-74	34
10	-66	52

// Bellgrove M A, 2004: Response Inhibition
// Subjects=42
40.68	38.36	19.01
27.16	-1.88	50.42
-46.93	33.6	20.42
-34.04	28.82	26.25
50.35	19.12	17.17
-26.24	-5.2	53.55
-46.7	-.27	36.64
-53.32	4.07	10.7
0.48	4.9	57.97
-9.44	21.48	25.47
52.81	-41.17	35.58
-45.44	-41.16	44.51
-18.59	-61.54	53.72
20.9	-62.96	45.58
7.59	-13.17	2.53
21.43	-7	-1.5
39.64	7.89	10.43
-32.04	9.86	1.05
-55.23	-43.01	21.36

// Fassbender C, 2004: Tonic Activations for Fixed and Random SART
// Subjects=21
-44.61	3.63	31.83
-41.19	-13.92	52.22
50.47	3.86	26.25
-.65	4.3	50.22
-44.9	9.44	-3.23
-1.81	-69.18	8.45
34.48	-83.65	-3.02
-30.67	-93.56	-1.45
-43.62	-67.46	-6.83
31.56	-51.1	46.69
-30.47	-44.24	44.6
21.03	-49.45	68.98
-33.55	-59.43	54.83
6.88	-23.67	45.79
-43.4	-37.77	33.05
-24.51	-40.11	-12.69
-11.17	-43.52	52.13
42.92	-19.93	8.26
24.65	1.91	3.3
-21.27	-6.83	4.56
7.54	-58.66	-21.54

// Fassbender C, 2004: Activations For Correct Inhibitions
// Subjects=21
-54.53	18.01	-1.61
38.3	53.38	-6.75
-43.61	29.28	33.01
-40.28	12.98	42.15
40.1	-45.59	48.36
48.59	-60.4	35.01
-48.91	-21.91	18.41
-22.41	13.34	3.99

// Fassbender C, 2004: Activations For Commission Errors
// Subjects=21
2.28	30.01	24.62
10.66	39.26	5.9
-47.08	21.06	-4.18
36.2	17.53	-15.99
50.16	18.3	-7.29
-31.85	25.03	32.12
-64.94	-40.75	10.13
51.75	-41.09	36.7
-55.17	-43.47	29.21
-66.94	-37.11	29.92
-1.81	-20.77	28.92
33.39	-39.91	12.28

// Garavan H, 1999: Response Inhibition
// Subjects=14
45.79	43.65	-9.37
39.73	28.55	29.88
37.67	10.64	32.52
44.93	41.38	16.48
36.29	19.53	-3.89
39.49	9.6	-8.67
2.43	21.69	40.92
44.13	-82.11	2.31
35.81	-74.39	34.1
36.88	-58.98	40.6
-45.46	-36.93	44.16
52.87	-43.91	41.39
45.48	-51.81	49.94
-44.73	-66.84	-12.45

// Hester R L, 2004: Cued and Uncued Successful Response Inhibition
// Subjects=15
42	-29.4	23.56
-41.37	-37.73	19.65
-50.95	-1.18	38.99
-30.57	9.57	52.36
-50.11	-42.03	-7.77
1.57	6.31	62.3
-38.06	-4.82	45.84
38.6	59.8	35.08
-40.46	58.36	37.23
-8.46	82.16	39.32
60.81	36.68	-4.5
-57.97	57.23	-17.12
18.94	21.17	-36.17
-55.57	50.13	14.67
16.11	6.34	6.37
19.33	17.54	13.2
59.9	36.1	15.64
48.12	40.17	14.31
-14.89	5.02	5.72
15.11	-8.29	9.84
38.43	82.12	20.94

// Hester R L, 2004: Cued vs. Uncued, Increases
// Subjects=15
45.17	-11.06	26.45
-28.47	12.5	48.74
3.63	-5.45	47.65
-25.54	72.28	37
32.17	72.71	37.42
2.19	40.07	17.08
61.83	49.37	-5.57
-43.07	63.32	-22.27
29.57	89.91	-15.29
-30.16	88.46	-1.1

// Horn N R, 2003: Go/No-Go > Go
// Subjects=21
42	48	-6
-42	54	-12
3	60	27
-3	39	45
21	51	30
-24	39	39
57	21	12
42	24	-24
-45	27	-21
-6	-42	45
0	-93	21
42	18	-24
-36	9	-18
42	-60	45

// Kelly A M, 2004: Fast and Slow Successful Response Inhibitions
// Subjects=15
56.74	24.45	16.65
42.82	38.37	18.99
34.01	59.78	-6.13
43.67	52.61	-3.41
38.66	31.8	30.74
50.42	23.15	27.98
-43.75	44.28	20.6
-35.35	52.73	5.3
20.33	58.58	20.9
56.66	12.59	0.92
1.3	27.69	35.97
-58.92	36.5	-9.8
-42.61	-62.59	-12.83
28.42	-64.69	50.1
51.77	-38.72	39.85
-51.86	-35.82	45.26
-46.43	-40.39	54.5
-60.52	-34.79	31.89
-20.72	-54.87	57.65
36.27	25.87	-4.42
-32.11	16.83	-5.11
-17.1	5.37	-3.21
23.45	13.73	-8.83

// Kelly A M, 2004: Fast > Slow Stops
// Subjects=15
56.74	24.45	16.65
38.66	31.8	30.74
-42.61	-62.59	-12.83
-20.72	-54.87	57.65
36.27	25.87	-4.42
-32.11	16.83	-5.11
-17.1	5.37	-3.21

// Kelly A M, 2004: Slow > Fast Stops
// Subjects=15
34.01	59.78	-6.13
20.33	58.58	20.9
-60.52	-34.79	31.89

// Konishi S, 1998: Go Dominant Foci
// Subjects=5
46.83	64.17	-5.53
7.73	14.69	32.53
12.76	37.88	1.53
56.89	15.07	33.05
-31.94	16.34	16.12
-2.18	62.08	13.06
-11.56	13.98	25
-40.43	16.89	23.98
-45.74	22.75	31.35
-46.95	23.48	13.46

// Konishi S, 1998: No-Go Dominant Foci
// Subjects=5
52.48	16.85	15.11
55.64	24.1	12.23
50.37	23.78	22.35
47.03	36.65	10.16
39.57	34.58	11.54
47.16	24.73	21.2
45	30.01	20.78
39.61	24	12.42
4.3	34.28	10.85
28.85	38.57	9.09
13.79	46.26	-.3
4.26	42.65	9.03
44.82	38.07	1.15
57.7	28.8	4.01
7.45	29.38	2.3
17.12	33.21	9.68
39.5	32.75	1.65
-53.21	21.73	32.64
-2.09	44.36	17.89

// Maguire R P, 2003: Go vs. Fixation
// Subjects=6
0	-4	60
-10	-76	-24
50	-66	-6
-48	4	0
-16	-70	54
62	-22	18

// Maguire R P, 2003: Go/No-Go vs. Fixation
// Subjects=6
0	-4	60
-14	-82	-24
66	-42	6
-48	8	-6
-34	-52	54
26	-80	18
-26	-80	18
38	42	30
-48	-70	0
26	-64	42

// Maguire R P, 2003: Go/No-Go vs. Go
// Subjects=6
62	-34	-6
48	26	18
50	12	48
-48	30	24
30	-68	48
-16	-74	42

// Mostofsky S H, 2003: Primary Go Effects
// Subjects=48
26.87	-51.68	-23.46
-50.03	-13.64	54.76
-6.92	12.04	51.49
-33.6	-59.34	-21.67

// Mostofsky S H, 2003: Primary No-Go Effects
// Subjects=48
-37.85	-58.84	-16.05
-2.55	14.6	55.64
35.52	-53.78	-23.4

// Mostofsky S H, 2003: Primary Counting Go Effects
// Subjects=28
25.31	-98.67	13.71
-5.33	-5.39	2.76
-39.27	-11.68	52.15
-2.58	14.39	53.42

// Mostofsky S H, 2003: Primary Counting No-Go Effects
// Subjects=28
48.83	42.93	22.83
55.34	28.91	21.87
16.96	23.9	62.24

// de Zubicaray G I, 2000: Increases
// Subjects=8
40	34	36
34	44	20
-10	62	0
-30	56	0
-16	-10	65
-52	-76	12
-60	-46	-14
20	-68	56
14	-72	28
-24	-76	-14
44	-74	-14
-24	-98	-6
-4	-86	-12
-36	-78	32
-24	-82	14

// de Zubicaray G I, 2000: Linear Increases With Number of Trials Equated Per 
// Block
// Subjects=8
40	50	28
34	40	36
-10	62	0
38	60	16
-52	-74	10
32	-58	56
-44	-66	46
-56	-46	44
-20	-78	-16
40	-76	-18
-28	-84	32

// Garavan H, 2003: Task-Related Performance
// Subjects=16
-.66	9.67	50.89
46.05	-10.82	1.89
21.44	-35.43	-11.38
-7.2	-63.13	4.65
-51.91	-73.66	23.89
40.02	-18.98	48.36
1.58	-44.13	43.11
1.57	-68.42	31.76
18.39	-71.23	-6.11
15.65	-42.25	66.21
-2.68	-86.85	27.78
6.86	-96.37	13.97

// Garavan H, 2003: Event-Related STOPS
// Subjects=16
43.92	33.17	20.53
27.88	50.6	27.06
42.22	-43.55	47.05
-43.32	-41.31	42.27
34.9	-65.03	58.98
53.59	-37.56	-.42
6.55	-66.7	-15.28

// Garavan H, 2003: Event-Related ERRORS
// Subjects=16
-2.08	37.93	17.31
10.77	29.46	16.76
10.86	20.54	25.31
3.56	17.98	47.91
-42.33	-64.08	22.98

// Konishi S, 1999: No-Go Dominant Area
// Subjects=6
44.98	19.98	14.93

// Kiehl K A, 2000: Task 1, Errors of Commission
// Subjects=14
4	22	40
-4	4	60
12	36	12
-34	41	20

// Kiehl K A, 2000: Task 1, Correct Rejects
// Subjects=14
45	-75	-10
22	-60	-10
-52	-79	-5
-8	-8	60
48	-68	-16
38	-70	-24
4	8	40
30	-88	-16

// Kiehl K A, 2000: Task 1, Errors of Commission vs. Correct Rejects
// Subjects=14
4	22	40
-8	45	15

// Kiehl K A, 2000: Task 2, Correct Hits
// Subjects=14
-36	-24	52
-32	-16	64
-4	4	55
-52	-72	4
44	-80	-8
6	20	40
-36	20	0
48	-72	-4
20	-60	-20
60	-32	20
-56	-32	24
-44	-56	-12

// Bohland J W, 2006: Simple Syllable, Go vs. Fixation
// Subjects=13
-46	-10	60
56	6	40
-54	-12	40
-62	-4	24
60	-4	30
-42	-24	12
66	-10	12
-32	20	0
40	10	6
38	24	2
38	-22	8
-62	-8	6
-54	-4	4
56	-26	8
-56	8	-6
64	6	2
50	4	-8
48	14	18
-34	36	12
-32	46	12
-2	-2	68
-2	6	50
4	4	70
-4	14	40
-12	2	10
-24	2	-10
-20	12	4
18	10	6
32	-6	-2
24	4	-4
-8	-20	-2
12	-22	0
14	-12	6
20	-16	10
8	-6	4
-26	-60	-22
40	-56	-26
34	-62	-24
24	-56	-20
36	-54	-54
-44	-60	-20

// Bohland J W, 2006: Simple Sequence, Go vs. Fixation
// Subjects=13
-44	-18	64
-34	-6	54
48	6	32
56	8	32
-54	-10	40
-62	-4	22
64	-10	14
66	-4	24
56	-6	34
-48	-26	14
-64	-12	12
-50	2	6
54	-14	12
38	-6	14
-34	8	8
-34	-4	8
42	8	-14
-66	-24	8
-40	-2	-14
70	-26	8
-54	10	-6
64	6	2
-46	6	28
-54	14	32
-38	24	2
40	26	4
50	20	0
-36	40	32
-26	46	20
56	-8	54
0	0	66
-6	10	52
-6	14	42
-8	-12	42
8	-12	40
-28	-52	52
-52	-36	50
40	-48	48
42	-44	46
-60	-40	30
-46	-30	32
-22	2	6
-30	-8	-4
-28	-16	10
32	-6	-2
24	4	6
-10	-16	0
14	-16	4
-20	-60	-22
20	-60	-20
40	-68	-22
44	-54	-28
36	-54	-54
16	-62	-44
38	-40	-50

// Bohland J W, 2006: Complex Syllable, Go vs. Fixation
// Subjects=13
56	6	40
50	-14	60
-52	-12	40
-62	-4	24
68	-6	26
56	-8	38
-42	-24	12
-52	0	4
68	-8	12
-44	4	0
36	-22	6
-64	-10	6
-66	-22	8
-64	-30	12
58	-12	6
66	-22	8
50	-24	12
70	-30	16
-52	8	-4
64	6	2
-36	26	2
-38	32	14
2	0	66
-2	14	42
-58	-38	28
-24	0	-8
-22	4	6
20	8	6
32	-16	-2
32	-4	-4
30	-4	8
24	2	-6
-10	-16	4
14	-16	2
-28	-60	-24
20	-56	-20
46	-56	-28
36	-52	-56
-46	-60	-20

// Bohland J W, 2006: Complex Sequence, Go vs. Fixation
// Subjects=13
-60	0	30
62	-4	42
56	8	40
-54	-10	44
60	-4	32
68	-4	22
-44	-24	14
-34	24	0
-40	14	4
40	24	0
-62	-12	8
-64	-30	12
52	-24	10
60	-14	8
64	-28	2
64	8	0
-54	12	0
-48	10	28
50	20	-6
-56	16	30
-46	28	24
-30	-6	50
-42	46	20
0	0	70
-2	18	38
-28	-52	50
-52	-38	54
-48	-36	46
34	-56	52
-12	0	10
12	2	8
-22	-2	6
32	-20	0
-10	-14	6
14	-12	6
8	-20	0
22	-22	-2
-28	-62	-28
-14	-62	-18
22	-62	-20
34	-62	-26
8	-68	-20
42	-54	-28
38	-52	-56
36	-40	-52
20	-64	-46
4	-46	-16
4	-56	-24
-46	-60	-20

// Bohland J W, 2006: Go > NoGo
// Subjects=13
-54	-12	40
-44	-24	12
-64	-8	20
-62	-6	4
-48	-16	2
-50	10	-6
-60	-30	12
-44	6	-2
-48	-14	60
60	-12	10
64	8	0
62	-4	28
50	-22	12
12	-16	4
46	-14	0
0	-6	12
10	0	10
68	-26	4
-10	-16	4
-24	0	-8
-20	4	2
30	0	-6
40	8	4
-10	-14	16
20	8	4
14	-16	16
34	-12	-2
48	2	-10
32	-66	-22
20	-58	-18
-26	-60	-22
-14	-60	-16
-8	-58	-2
0	0	68
2	-6	72
0	2	50
2	-4	52
2	18	40
-4	-14	78
38	-48	-56

// Bohland J W, 2006: Complex Sequence > Simple Sequence
// Subjects=13
22	-60	-20
32	-60	-26
-34	-56	-32
36	-54	-56
26	-32	-46
6	-74	-38
16	-70	-48
30	-62	-56
36	-44	-54
-44	-58	-10
6	-68	-18
30	-38	-50
4	-80	-18
-24	-64	-22
-48	-64	-22
22	-82	-18
-16	-62	-16
-30	-78	-22
-22	-84	-22
6	-88	-10
36	-38	-40
0	6	56
8	30	34
-2	18	46
0	2	68
0	-6	70
-2	22	36
-48	4	30
-56	-8	46
-50	28	24
-54	16	32
-50	-6	54
-54	6	42
-32	-4	64
-42	-2	44
-32	-4	52
-58	10	20
-26	-6	50
0	-6	12
-8	-2	10
18	-8	20
-32	22	4
-42	16	6
-48	14	2
-48	20	-6
40	22	2
50	20	-2
-30	-54	58
-26	-60	56
-30	-48	46
-48	-32	46
-26	-68	38
-52	-34	52
26	-64	64
32	-56	52

// Bohland J W, 2006: Complex Syllable > Simple Syllable
// Subjects=13
0	18	46
0	4	62
0	0	70
4	24	38
50	22	-6
42	20	-12
38	26	0
38	24	-6
-26	-62	52
-30	-54	52
-48	-40	52
-20	-66	66
-38	-44	44
-34	26	0
-34	22	4
-50	12	0
22	-76	-20
26	-62	-18

// Bohland J W, 2006: Syllable Complexity x Sequence Complexity
// Subjects=13
0	16	48
-8	8	62
2	34	36
8	26	34
0	16	66
2	14	32
-6	24	28
34	22	-8
38	44	24
52	20	-4
40	20	10
52	34	26
58	24	14
-42	30	24
-30	24	6
-42	46	22
-36	16	-8
-58	14	18
-52	16	14
-44	14	4
-62	6	28
-40	12	26
-52	10	44
-50	4	36
42	-50	-30
28	-52	-24
32	-52	-28
36	-56	-28
-2	-72	-8
14	-66	-12
42	-72	-28
2	-56	-32
14	-58	-20
14	-54	-14
16	-6	14
-10	0	10
10	-2	12
-4	-10	14
8	-8	2
-30	-52	50
-40	-44	54
-52	-40	56
-36	-48	42
-24	-72	46
-18	-68	64
34	2	58
34	2	38
34	4	44
44	12	38
34	0	48
-44	-58	-16
-32	0	52
-38	0	62
-38	-4	42

// Gur R C, 2007: Target Green Circles > Standard Red Circles
// Subjects=36
-54.12	-15.11	37.97
-45.43	-26.72	52.22
-45.46	-27.07	47.79
-3.04	-21.44	6.69
5.52	-16.81	10.66
-3.08	-30.58	-1.47
-11.6	0.35	13.88
57.11	-22.22	46.21
61.35	-13.74	45.45
40.05	-13.18	54.57
-.65	3.15	49.21
5.76	3.19	49.13
-.69	2.81	44.77
5.72	2.85	44.7
-54.3	5.01	22.9
-54.27	5.35	27.33
-67.24	-.67	5.68
-32.95	-8.24	14.84
-32.98	-8.58	10.41
-2.9	-68.3	6.15
-2.87	-67.96	10.59
18.62	-62.23	27.7
-23.94	-56.2	54.45
-28.22	-56.23	54.5
35.57	-50.47	13.14
43.96	0.68	13.21

// Roth R M, 2007: Response Inhibition, Normals
// Subjects=14
61	19	27
12	2	40
44	-13	61
63	-33	5
46	6	-29
26	-77	13
50	-55	-7
6	-22	-7
-32	35	30
-30	41	-4
-63	-31	0
-48	-52	1
-46	-7	-27

// Rubia K, 2003: NoGo, Successful Inhibition - NoGo, Unsuccessful Inhibition
// Subjects=20
44.78	27.69	-9.13
42.66	37.8	-2.15

// Rubia K, 2003: NoGo, Unsuccessful Inhibition - Go Response
// Subjects=20
0.98	62.73	7.39
4.28	38.51	10.5
52.38	55.34	17.45
-48.11	63.12	16.84

// Maltby N, 2005: Errors of Commission, Normals
// Subjects=14
8	32	24
-4	36	24
-4	20	36
4	20	36
48	20	-4
-40	20	-4
-52	-8	28
48	40	4

// Maltby N, 2005: Correct Inhibition, Normals
// Subjects=14
16	36	20
-4	20	36
12	16	32
24	40	24
-36	40	24

// Rubia K, 2006: Go/NoGo Task, Adults
// Subjects=23
34.91	57.99	-29.41
5.19	64.35	0.51
35.14	57.13	0.77
-48.01	29.02	16.35
-9.77	43.31	-8.7
-48.88	-24.91	20.89
28.07	-15.56	24.8
-9.29	-63.68	11.42
-22.53	12.06	-12.63
-37.25	-65.65	-11.52
12.31	-77.7	34.65

// Rubia K, 2006: Go/NoGo Task, Adolescents
// Subjects=29
39.36	23.63	-19.88
-26.53	-37.78	3.87
-9.4	-8.81	19.08
20.51	-4.41	18.37

// Johnson-Frey S H, 2005: Tool, No Go, Right > Move, No Go, Right
// Subjects=13
-50.77	-51.98	-10.9
-39.02	-48.18	63.6
-52.91	19.32	5.61
-52.4	-26.15	35.87
-61.39	-22.19	9.86
-9.18	38.62	48.9
-9.64	-42.5	-3.58
-34.81	-14.36	-22.74
-39.98	-7.2	-3.19
-48.08	-74.28	25.99
-26.17	-4.11	63.5
-39.98	-7.2	-3.19
-11.58	52.16	33.03
-64.86	-9.72	-5.88
-65.34	-24.92	38.21
-50.39	-37.06	22.35
-35.16	-10.03	35.1
-26.29	-24.71	49.85
-50.39	-37.06	22.35
52.85	1.33	-8.98
24.75	-59.03	-21.58
31.15	1.59	-16.48
53.14	-39.22	5.11
42.26	-.45	7.06
59.28	34.84	-6.8
42.79	-5.22	47.87

// Johnson-Frey S H, 2005: Tool, Go, Right > Tool, No Go, Right
// Subjects=13
-37.18	-25.37	43.38
-53.79	-64.53	4.28
69.56	-23.36	24.55
35.91	-46.51	8.37
50.51	-14.27	-26.45
65	-55.75	-.18
56.05	28.35	-7.22

// Johnson-Frey S H, 2005: Tool, No Go, Left > Move, No Go, Left
// Subjects=13
-52.89	-51.68	-7.54
-46.8	36.21	-20.82
-62.5	-33.35	5.38
-11.58	48.86	32.24
-43.43	-48.81	57.01
-44.36	-1.04	-5.97
-61.99	-20.79	47.83
-34.77	-68.34	54.31
-56.24	18.58	-2.11
-24.33	34	46.25
-30.58	-38.65	50.19
67	-29.57	-7.28
46.17	45.77	-15.5

// Johnson-Frey S H, 2005: Tool, Go, Left > Tool, No Go, Left
// Subjects=13
-46.52	41.58	2.18
-41.59	-28.24	35.9
-3.66	-48.45	-44.55
-46.55	-39.62	-16.68
-31.48	58.54	-.88
-67.82	-53.57	7.47
-6.67	-63.78	55.63
-46.71	53.3	-10.18
-53.93	-64.55	-7.37
-33.25	49.43	28.07
-31.26	52.55	15.4
44.11	-11.1	65.24
48.51	41.6	-2.81

// Johnson-Frey S H, 2005: (Tool, No Go, Right > Move, No Go, Right) + (Tool, 
// No Go, Left > Move, No Go, Left)
// Subjects=13
-43.43	-47.75	56.91
-32.64	-67.48	51.95
-44.47	38.63	-6.53
-41.39	36.33	-19.8
-31.68	37.32	-21.19
-52.68	11.2	22.1
-9.42	52.16	32.99
-44.47	39.69	-6.64
-54.1	21.78	-2.46
-51.77	-55.72	-4.91
-62.54	-36.95	1.26
-33.4	-29.4	0.01
-42.16	-1.89	-3.68
71.38	-24.78	-2.23
30.34	4.73	5.64

// Cross E S, 2007: Activity during Movement Preparation (NoGo)
// Subjects=13
-34	-94	0
42	-18	68
-24	-60	48
38	-28	48
32	-96	-6
10	-22	0
44	-16	52
-10	-2	56
2	-2	62
-10	-20	8
6	-6	68
-38	-14	62
-56	-10	50
-18	-10	-2
18	2	0
38	18	6
22	-16	74
-44	-30	66
-12	-30	30
-12	-26	46
6	-14	46
-30	26	0
46	22	2
2	-28	-48
-54	-44	8
-4	-32	50

// Cross E S, 2007: Activity during Movement Execution (Go)
// Subjects=13
-12	-52	-22
-2	-56	-10
-34	-56	52
40	20	8
42	-44	46
14	-80	16
-14	4	2
-32	-10	60
38	-48	-36
34	-72	48
-42	-86	-8
32	-72	34
-30	24	2
-48	2	16
-40	14	4
58	10	40
-30	-12	50
64	10	12
-10	-24	32
6	20	50
-2	-6	64
-6	6	54
42	42	24
50	0	54
-34	38	24
18	-4	68
42	22	38
-32	-84	20
12	-26	30
52	32	26
-40	46	22
48	4	4
-8	-20	-10
24	-16	72

// Cross E S, 2007: Study Time: Random Increasing (Early > Late) > Block 
// Increasing (Early > Late)
// Subjects=13
6	-44	64
46	-84	-4
52	-12	58
-22	-30	48

// Cross E S, 2007: Study Time: Block Increasing (Early > Late) > Random 
// Increasing (Early > Late)
// Subjects=13
38	-54	-44
-32	-42	-4

// Cross E S, 2007: Movement Time: Random Increasing (Early > Late) > Block 
// Increasing (Early > Late)
// Subjects=13
-42	18	50
26	60	24

// Cross E S, 2007: Movement Time: Block Increasing (Early > Late) > Random 
// Increasing (Early > Late)
// Subjects=13
-40	-18	12
-16	-54	64
16	-48	50
-14	2	40
-60	-22	42
48	-14	12
-26	-4	56
-32	-48	26
30	-48	-10
-30	-68	22
14	-30	30
12	-44	-36
-48	-48	12
64	6	18
-42	-46	50
14	-38	-2
-12	-40	-2
46	-64	-4
-12	-22	50
30	-58	30
-10	-8	60
38	-10	-28
-26	6	20
54	-32	38
52	-68	16
-40	-4	-30
16	30	14
24	-66	-6
46	-8	40
-38	22	6
42	-54	-40
30	-46	66
-44	-70	-22
-22	-66	44
24	-30	-2
-32	-26	54
-32	-34	18
-60	-38	32
-38	-22	-22
46	-4	54
58	-22	54
14	-20	48
60	-32	52
50	-24	62
-46	-48	40
68	-36	34
58	-24	10
42	-62	12
34	-78	-8
-24	-34	-20
12	-54	2
24	6	-22
-56	-52	-14

// Goldstein R Z, 2007: Money > Baseline, Normals
// Subjects=12
-21.35	56.17	30.56
46.11	35.47	-22.33

// Thut G, 1997: Monetary Feedback > Simple Feedback
// Subjects=10
-16.03	49.3	14.29
-31.18	18.64	-23.12
-13.72	-14.81	10.71
-5.31	-5.21	-3.57
24.86	-79.4	-2.16
-54.35	17.69	21.84

// Brown M R G, 2006: Nogo Response > Fixation
// Subjects=10
36.75	4.52	49.78
-40.21	2.74	47.46
35.33	51.44	23.55
-35.22	49.62	20.06
46.1	3.95	14.03
-51.17	7.51	13.73
4.77	5.1	60.13
2.43	12.89	37.2
42.21	-39.23	47.81
-37.91	-42.8	50.14
24.16	-65.69	51.35
-22.88	-65.08	49.61
61.37	-33.37	39.29
-60.53	-20.61	36.27
5.73	-23.47	34.64
1.69	-58.42	51
28.32	-81.04	31.4
-21.88	-82.22	34.3
-13.7	2.96	20.38

// Simmonds D J, 2007: Go Activations
// Subjects=30
-5	-105.78	8.21
-41.35	-15.53	57.04
-6.91	7.68	50.8
13.75	-70.41	-39.31
3.4	-44.06	1.96

// Simmonds D J, 2007: No-Go Activations
// Subjects=30
-18.03	-97.52	5.37
44.35	-57.82	-9.71
-2.58	15.46	53.32
11.86	-54.2	-15.11
29.07	-25.11	-14.92
62.89	-35.68	7.96
63.34	-50.96	39.72
-31.32	23.65	4.81
35.74	20.05	8.51
-58.13	-42.8	7.36

// Simmonds D J, 2007: Go Activations Negatively Correlated with 
// Intraindividual Coefficient of Variability
// Subjects=30
24.72	-42.87	-20.94

// Simmonds D J, 2007: Go Activations Positively Correlated with 
// Intraindividual Coefficient of Variability
// Subjects=30
20.81	-1.51	19.86
20.75	53.88	26.71
-37.3	-20.78	35.08
20.52	-71.5	-16.91

// Simmonds D J, 2007: No-Go Activations Negatively Correlated with 
// Intraindividual Coefficient of Variability
// Subjects=30
51.63	-9.15	62.67
-18.44	-44.84	-16.64
-13.2	9.11	66.45
-66.53	-38.83	27.28
53.31	-12.78	23.78

// Simmonds D J, 2007: No-Go Activations Positively Correlated with 
// Intraindividual Coefficient of Variability
// Subjects=30
22.53	69.58	-.65
14.1	2.23	2.8
18.54	2.01	11.71

// Falconer E, 2008: No Go - Go, Normals
// Subjects=23
30	56	-14
44	16	34
-38	58	2
6	32	26
32	-60	46
-32	0	-24

// Falconer E, 2008: No Go - Go, Trauma-Exposed Patients
// Subjects=17
42	14	36
32	-60	46
10	-72	42
42	-60	54
36	4	-20
-36	4	-24
62	-50	-10

// Suskauer S J, 2008: No Go - Fixation, Normals
// Subjects=25
-37.64	-75.88	-3.16
3.72	25.08	41.05
51.07	-81.22	3.7
42.25	50.89	16.55
53.26	-37.22	15
7.63	-64.44	-9.55
26.9	11.98	-8.47

// Altshuler L L, 2005: NoGo > Go, Normals
// Subjects=13
39.4	30.66	-11.55
41.61	31.36	-2.71
-.72	-10.74	34.76
26.83	-30.57	-4.04

// Aron A R, 2006: Go - Null Event
// Subjects=5
24	-100	-6
-22	-102	-14
-42	-28	46
-14	-12	-6
-28	-10	0
-16	-14	6
-24	2	8
-26	-8	8
-18	-6	-4
-14	-20	-8
-10	-16	-12
-26	-20	4
-26	-18	10
20	10	-2
28	2	-4
30	14	-4
42	48	14
-34	-62	-36
-6	-6	58
-10	4	44
-20	-6	48

// Aron A R, 2006: Stop - Go
// Subjects=5
68	-44	8
34	26	0
36	22	0
44	22	-4
44	12	8
52	38	-6
54	14	0
42	20	-10
6	20	50
6	8	70
8	20	34
18	-104	4
-40	16	-6
-56	-28	8
-46	-38	18
22	-30	-6
12	-26	0
16	4	-6
6	-26	-2
6	-20	4
10	-14	-4
18	12	-8
12	-18	2
18	-22	-2
6	-20	-12
-6	-22	4
-8	-16	0
34	40	30
8	-20	30
-26	-98	-10
-20	-26	-10
48	2	50
14	-42	48
36	-48	46
10	-42	52

// Aron A R, 2006: Stop Inhibit - Stop Respond
// Subjects=5
18	-104	2
-18	-108	0
-26	-10	2
-34	-16	-6
-34	-6	-18
-16	-54	14
-30	22	56
42	-22	52
22	-8	12
20	4	12
24	-2	2
-2	40	-18
-10	-28	70

// Li C S, 2008: Stop Errors > Stop Successes
// Subjects=40
-4	16	44
4	8	64
-8	20	36
16	-64	8
28	-48	0
-4	-24	8
-48	8	-8
-44	4	4
-32	24	8
-36	-8	52
-48	-28	24
44	16	0

// Li C S, 2008: Post-Stop Successes Go > Post-Stop Errors Go
// Subjects=40
-4	-8	56
-16	-36	52
-36	-12	52
16	-68	12
24	-64	4
16	-56	-4
-12	12	-8
8	12	-8
12	28	-8
-16	-32	0
-12	-28	8
16	-20	-12
20	12	-16
-16	-52	-4
40	4	12
28	-20	-28
16	-28	8

// Kaladjian A, 2009: No Go vs. Go, Healthy Controls, T1
// Subjects=10
24	56	14
27	37	40
-45	16	30
48	-1	34
56	0	-5
-27	-6	-18
27	-11	10
27	-33	-18
-42	-62	50
15	-42	38
-42	-70	1
24	-65	47

// Kaladjian A, 2009: No Go vs. Go, Healthy Controls, T2
// Subjects=10
-12	46	39
-45	19	21
54	-4	-12
-54	-20	-1
-27	-6	-12
21	-32	-6
21	-54	28
27	-72	48

// Kaladjian A, 2009: NoGo > Go, Correct Responses, Healthy Controls
// Subjects=20
-40.66	28.65	35.85
30.68	20.4	35.45
-21.77	61.77	-1.36
26.91	56.93	1.65
-44.59	34.4	-17.32
52.59	36.56	-22.55
7.28	44.57	-14.72
-57.17	-42.67	-2.75
54.72	4.58	-31.74
-25.02	-10.52	-16.57
26.87	-9.06	-15.35
-43.58	-60.9	42.52
53.48	-49.8	29.69
4.96	-52.54	37.51
-40.85	-70.16	0.81
18.04	-80.04	41.13

// Chikazoe J, 2009: Stop vs. Uncertain-Go
// Subjects=22
38	16	-6
-32	18	2
54	14	26
48	16	18
42	6	32
34	18	14
26	52	26
-44	16	-6
46	36	16
-44	10	32
34	8	58
-40	56	18
-32	36	18
32	-4	50
18	16	58
4	24	36
2	14	46
0	-22	32
6	42	14
6	6	62
-4	4	60
18	-6	68
-8	0	68
64	-40	30
-42	-52	50
52	-38	48
64	-30	38
36	-58	48
-58	-36	36
-50	-42	48
12	-70	38
44	-46	40
24	-62	42
64	-26	24
-26	-66	50
-26	-60	38
14	-36	42
-14	-96	6
64	-40	16
60	-48	8
52	-50	16
52	-20	-6
-54	-40	20
38	-52	-14
50	-30	-2
36	-12	-8
54	-10	-10
10	-10	2
16	2	10
-10	-2	6
12	-18	14
-26	16	-6
6	-28	-22
2	-50	-40
-30	-58	-32
-12	-22	18
10	-56	-36

// Chikazoe J, 2009: Uncertain-Go vs. Certain-Go
// Subjects=22
30	28	2
42	18	4
42	6	40
-40	16	0
-26	26	-6
4	12	52
20	-10	56
-14	-20	8

// Chikazoe J, 2009: Conjunction Analysis, Stop vs. Uncertain-Go + 
// Uncertain-Go vs. Certain-Go
// Subjects=22
40	24	4
46	10	44
-32	20	4
-42	6	38
34	58	20
6	22	52
2	-22	32
58	-40	40
-62	-24	34
16	-66	40
30	-56	48
12	-90	4
-16	-92	-2
56	-20	-2
-8	-4	10
14	-14	16
-32	-56	-30
14	2	0
0	-52	-36

// Chikazoe J, 2009: Disjunction Analysis, Stop vs. Uncertain-Go but not 
// Uncertain-Go vs. Certain-Go
// Subjects=22
46	16	16
28	52	28
-42	12	28
-24	16	2
-34	20	18
-36	16	-10
56	-43	24
-44	-44	52
-54	-36	38
54	-46	56
4	36	26
-2	-24	36
20	4	6
-14	4	6
8	-6	6
-4	0	6

// Chevrier A D, 2007: Cognitive Go-Phase Activities
// Subjects=14
-32.68	-0.04	52.07
0.4	15.05	51.54
36.44	45.19	25.18
24.37	58.41	-9.25
-1.22	65.37	0.5
0.81	48.95	-19.33
-35.76	-49.21	49.54
-2.57	-29.67	65.36
1.57	-44.3	40.89
-46.47	-69.34	37.97
47.09	-10.02	-1.54
31.34	-89.59	3.09
-28.49	-90.92	5
-7.33	-78.76	-18.57
24.46	-61.5	-46.03

// Chevrier A D, 2007: Successful Stop-Phase Activities
// Subjects=14
49.31	15.06	19.75
6.5	4.17	6.66
-.66	-88.04	12.24

// Chevrier A D, 2007: Unsuccessful Stop-Phase Activities
// Subjects=14
49.39	21.37	32.6
7.57	38.24	20.52
-42.17	-27.25	58.92
-58.3	-47.12	37.36
56.03	-45.46	34.79
-4.93	-27.59	37.34
-30.77	-24.35	12.83
0.38	-80.72	10.5
58.91	-31.27	-2.12
36.07	-.3	-40.14

// Mazzola-Pomietto P, 2009: Go Trials vs. No-Go Trials, Healthy Controls
// Subjects=16
46.17	31.53	-18.58
-38.13	33.15	-19.54
-21.82	64.65	-5.01
64.86	-16.29	-2.96
53.48	-56.39	28.1
-36.89	-60.39	59.17
-1.46	-38.97	45.24

// Welander-Vatn A S, 2009: Go/No-go > Fixation, Healthy Controls
// Subjects=28
-4	6	50
-48	-68	-8
-26	-64	50
-24	2	-2
12	-98	8
46	4	22
46	-52	50
-50	-2	52
4	-30	-14
44	38	22
-22	-92	18
10	-100	8

// Zheng D, 2008: No-Go - Go (Go/No-Go)
// Subjects=18
1.4	51.24	34.02
42.9	21.42	-23.12
64.51	5.13	-26.36
-37.88	59.14	5.9
-8.88	-52.54	-30.61
40.37	35.53	36.03
53.22	24.86	24.54
55.27	-76.62	-4.67

// Zheng D, 2008: Stop - Go (Stop Signal)
// Subjects=18
50.01	21.76	26.03
67.93	-46.01	-22.48
58.92	-49.47	32.92
-68.9	-28.39	12.84
55.25	-75.66	-5.89
-24.33	-63.35	26.75
-49.94	-33.74	57.87
68.14	-32.44	-3.66
61.63	25.36	6.42
-8.54	38.6	14.15

// Baglio F, 2009: Go vs. Fixation, Healthy Controls
// Subjects=11
-26.25	-21.1	53.98
-50.13	-13.3	46.89
-39.26	-17.1	51.56
18.26	-62.45	-23.37
-41.98	-78.23	-5.1
-46.53	-58.01	-18.22
1.73	0.06	49.17
-.24	2.57	64.64
28.94	-.52	64.45
47.46	-25.56	71.09
31.48	-84.56	-7.96
37.4	82	-17.82
42.14	-54.95	-13.31
-21.78	-59.37	57.69
53.57	-26.11	41.91
10.18	-82.35	16.84
70.59	-30.26	19.62
-11.82	-19.65	-.2
-59.01	9.03	33.63
63.97	12.47	17.74
55.42	-78.77	6.75
-59.6	6.8	-13.21

// Baglio F, 2009: NoGo vs. Fixation, Healthy Controls
// Subjects=11
-48.41	-84.43	-2.13
-44.36	-66.72	-19.64
58.12	-39.74	56.63
-21.9	-58.08	48.6
39	-82.61	-10.52

// Bennett D S, 2009: No/Go - Go, Non-Exposed, Correct Trials
// Subjects=11
2	8	53
0	20	47
18	11	57
18	-5	61
2	8	38
32	-43	63
50	-40	54
-32	-69	-23

// Bennett D S, 2009: No/Go - Go, Prenatal Tobacco Exposed, Correct Trials
// Subjects=7
-8	26	54
-38	22	49
4	26	52
14	54	36
-30	42	26
-34	57	19
14	13	58
36	5	53
30	39	40
44	10	36
51	0	42
-55	-22	-6
-59	-18	-14
50	-49	-16
20	-54	45
-4	-74	26
-16	-96	23
8	-88	34
-10	-96	25
10	-13	4

// Pessiglione M, 2006: Reward Prediction Error, Positive Correlations
// Subjects=39
-30	-10	-2
-10	12	-8

// Pessiglione M, 2006: Punishment Prediction Error, Negative Correlations
// Subjects=39
40	24	-8

// Pessiglione M, 2006: Stimulus Related Activity, Go/NoGo
// Subjects=39
-30	-6	0
26	-48	30
-12	-22	6
-38	-26	56
-6	-10	56
-42	-4	14
44	0	10

// Pessiglione M, 2006: Stimulus Related Activity, (Go/NoGo Gain) - (Go/NoGo 
// Neutral)
// Subjects=39
-12	10	-10

// Pessiglione M, 2006: Stimulus Related Activity, (Go/NoGo Loss) - (Go/NoGo 
// Neutral)
// Subjects=39
30	28	-6

// Langenecker S A, 2007: Activation in Response to Targets, Healthy Controls
// Subjects=17
1	32	1
-50	18	24
40	-23	55
47	-71	0
57	-32	-13
-57	-26	-3
-50	-30	47
-52	-29	-23
-45	-79	-10
27	-96	23

// Langenecker S A, 2007: Activation in Response to Correct Rejections, 
// Healthy Controls
// Subjects=17
50	12	37
-47	10	41
-45	-29	53
59	-29	-4
-45	-73	17
24	-91	23
41	-79	4
40	-85	-26

// Langenecker S A, 2007: Activation in Response to Commissions, Healthy 
// Controls
// Subjects=17
-6	43	0
-50	12	29
45	-71	3
-13	-102	16
20	-102	3

// Chikazoe J, 2009: No-Go vs. Frequent-Go
// Subjects=25
26	-4	62
42	42	18
48	4	38
40	18	-2
50	10	26
-52	8	20
42	-2	56
32	46	0
40	56	6
56	16	16
-22	-4	58
32	58	-2
-30	58	14
-26	56	24
44	32	32
30	22	-6
-36	-6	58
-40	38	22
-52	6	38
32	18	12
-8	2	58
-2	-4	64
6	10	60
10	20	56
8	0	60
6	30	36
36	-44	42
24	-68	48
66	-14	32
64	-38	28
14	-68	54
-24	-66	48
-20	-62	60
56	-42	48
16	-68	64
40	-62	56
-48	-36	40
-42	-48	52
30	-68	30
52	-22	-2
66	-32	20
52	-46	14
-30	-58	-30
-32	-62	-16
-36	-50	-34
-14	-64	-32
24	4	0
-30	16	8
-18	12	10
18	10	6
-26	2	4
-32	26	-2

// Chikazoe J, 2009: No-Go vs. Infrequent-Go
// Subjects=25
42	16	-2
36	40	20
24	-4	62
-24	-4	58
30	24	-6
58	14	16
44	0	56
-50	10	18
38	56	10
-50	6	4
48	10	26
60	10	28
-58	12	10
44	2	44
-46	14	-8
6	-12	32
2	2	50
2	30	36
4	34	26
4	-28	32
12	-32	44
-4	6	36
2	0	62
-6	-6	64
0	12	44
10	16	60
54	-42	48
44	-46	46
38	-56	48
62	-44	36
64	-28	28
12	-70	52
32	-64	50
-14	-66	54
-22	-60	64
-48	-32	40
30	-68	38
62	-40	24
52	-26	0
-60	-34	22
58	-50	-2
60	-18	-2
28	-54	-32
-30	-62	-28
-20	2	-4
22	6	-6
-14	4	12
32	12	-10
-24	10	4
26	0	4
16	4	12
-30	16	-4

// Chikazoe J, 2009: Infrequent-Go vs. Frequent-Go
// Subjects=25
32	52	-2
30	52	14
26	-4	64
-50	10	34
42	-4	40
52	0	40
-50	6	46
-4	12	60
-24	-68	46
22	-64	46
28	-74	22
-32	-64	-14
-36	-54	-22

// Durston S, 2003: Go > No Go, Healthy Controls
// Subjects=7
-25.28	28.9	54.02
65.52	-22.57	27.18
36.53	41.73	35.51
9.49	27.23	-12.04
-44.65	28.47	36.44
-14.83	6.67	13.39
27.77	-5.53	-10.61
-.86	5.41	23.37

// Durston S, 2006: Go > No-Go, Healthy Controls
// Subjects=11
-57.54	-19.84	57.75
26.58	-50.57	-45.98

// Durston S, 2006: No-Go > Go, Healthy Controls
// Subjects=11
44.06	22.05	-16.48
-38.03	20.8	-13.84
5.42	45.68	8.73
-7.43	46.46	17.84
-37.85	48.4	5.84
49.02	19.19	33.02
-45.81	12.97	52.06
31.17	60.89	-2.18
-63.18	-47.87	33.72

// Durston S, 2006: Parametric Effect of Preceding Number of Go Trials, 
// Healthy Controls
// Subjects=11
60.82	5.43	22.98
-16.3	-29.63	-14.82
-37.76	-31.86	-3.03

// Durston S, 2006: Go > No-Go, Unaffected Siblings
// Subjects=11
-57.77	-16.08	40.57
44.2	-51.31	-20.43
-58.33	1.66	0.73

// Durston S, 2006: No-Go > Go, Unaffected Siblings
// Subjects=11
48.7	20.1	8.28
5.42	45.68	8.73
-28.05	-23.21	-2.93
56.96	-53.44	47.92
48.15	0.64	-39.09

// Durston S, 2006: Parametric Effect of Preceding Number of Go Trials, 
// Unaffected Siblings
// Subjects=11
39.74	34.05	-14.23
-3.17	-14.1	1.34

// Durston S, 2006: Healthy Controls > Unaffected Siblings
// Subjects=11
44.06	22.05	-16.48
49.02	19.19	33.02
-45.81	12.97	52.06
-63.18	-47.87	33.72

// Durston S, 2002: Go vs. No-Go
// Subjects=10
39.69	28.12	24.34
-30.89	29.38	19.47
8.65	42.82	24.58
10	-37.79	27.98
-10.3	-43.29	27.56
-16.48	-66.27	47.4
11.14	12.45	58.33
-10.45	44.08	42.54
-43.44	4.67	45.11
-43.22	-23.83	61.99

// Li C S, 2009: Increased Reaction Time vs. Decreased Reaction Time, Go-Trial
// Subjects=33
28	-96	-8
-28	-100	-8
-52	16	40
-20	20	48
-4	-44	44
-32	-72	48
-40	-60	40
-60	-48	-12
56	0	-32
56	-8	-16
16	-84	-36
44	-64	-44
48	-72	40
-12	-32	-32
36	36	-16
-56	-24	-28
48	20	48
24	32	48
32	-16	16
0	-8	36

// McNab F, 2008: No-Go > Oddball (Go/No-Go)
// Subjects=11
-42	12	-3
45	15	-3
33	24	-6
27	15	-15
12	-75	48
-42	36	36
33	51	33
24	48	33
45	42	30
63	-45	33
51	-42	36
54	-36	42
-45	-45	39
-42	-51	48
-33	-90	-6
6	-36	27
0	-30	30
33	24	-6

// McNab F, 2008: No-Go > Go
// Subjects=11
33	24	-6
48	15	-9
33	12	3
27	51	30
36	42	27
48	39	27

// McNab F, 2008: Stop > Oddball (Stop Task)
// Subjects=11
45	15	-6
36	15	3
36	18	-18
-45	15	-9
-36	21	6
-36	12	12
30	45	36
30	42	24
42	42	27
15	9	69
15	-9	72
12	15	60
9	18	45
9	6	48
6	24	30
54	-45	36
63	-54	30
9	-18	9
9	-24	-6
15	-9	-3
24	-87	-15
42	-84	-9
39	-78	-15
27	-54	51
39	-39	51

// McNab F, 2008: Stop > Go
// Subjects=11
48	15	-6
6	9	48
33	24	-6
-45	15	-9
-33	21	6
-30	6	15
-63	-57	6
-45	-81	-12
-57	-54	18
12	-72	45
51	-72	-6
51	-57	12
9	-18	9
6	-24	-6
-3	-18	-6
-3	-27	30

// McNab F, 2008: Go/No-Go and Stop Tasks w/ Oddball
// Subjects=11
45	15	-3
33	24	-6
36	21	-15
-42	12	-3
24	48	33
45	42	30
39	33	39

// McNab F, 2008: Go/No-Go and Stop Tasks
// Subjects=11
33	24	-6
48	15	-9
33	12	3
27	51	30
36	52	27
48	39	27

// McNab F, 2008: Go/No-Go and both Memory Working Tasks
// Subjects=11
33	24	-6
45	15	-3

// McNab F, 2008: Stop Task and both Working Memory Tasks
// Subjects=11
33	24	-9
36	18	-3
45	15	-3
6	6	51
9	18	45
12	21	36
-33	24	3
-42	15	-6
-36	21	-6
27	-54	48
33	-57	54
39	-42	48

// McNab F, 2008: Go/No-Go, stop Task and both Working Memory Tasks w/ Oddball
// Subjects=11
33	24	-6
45	15	-3

// McNab F, 2008: Go/No-Go, Stop Task and both Working Memory Tasks
// Subjects=11
33	24	-6
45	15	-3

// Mulder M J, 2008: Unexpected Stimulus, Expected Time, Healthy Controls
// Subjects=12
44.06	20.99	-16.38
10.1	27.56	32.86
44.28	53.26	7.32
-37.6	51.34	25.71
48.64	-44.94	-9.93
64.87	-18.42	-2.75

// Mulder M J, 2008: Expected Stimulus, Unexpected Time, Healthy Controls
// Subjects=12
-20.96	-59.56	-47.64
39.82	25.95	-8.95
48.64	-23.04	-5.38
1.44	-88.53	8.63

// Mulder M J, 2008: Unexpected Stimulus, Unexpected Time, Healthy Controls
// Subjects=12
35.38	31.59	-17.28
5.78	36.37	35.42
10.11	45.2	37.83
40.57	26.04	49.3
-57.79	-47.96	32.52
69.67	-43.25	29.88

// Mulder M J, 2008: Manipulation of Stimulus Type, Siblings vs. Healthy 
// Controls
// Subjects=12
27.31	31.46	27.69

// Mulder M J, 2008: Manipulation of Stimulus Timing, Siblings vs. Healthy 
// Controls
// Subjects=12
35.38	-52.69	-34.71

// Shane M S, 2008: Errors > Correct Responses, Performance Go and NoGo
// Subjects=21
-39	15	-15
-63	-45	36
9	21	63
3	-72	45
-39	-51	-27
6	30	33
0	-24	6
45	21	-9
48	12	45
18	-33	-3
9	-3	6
3	-21	-33
-9	39	12

// Shane M S, 2008: Errors > Successful Inhibitions
// Subjects=21
-45	3	-12
3	-93	30
3	-36	0
-15	-24	-39
-57	-21	15
-3	24	27
9	21	66
0	24	30

// Shane M S, 2008: Observed Errors > Observed Correct Responses
// Subjects=21
51	-36	48
-54	-27	51
-39	-54	60
-45	-81	0
39	-42	-36
-39	-57	-36
45	39	30
21	42	-21
54	-63	3
-12	-6	12
57	18	24
-63	-24	18
27	-24	3
12	-69	6
39	6	60
3	27	45
0	15	33
-9	36	18
12	21	-9

// Shane M S, 2008: Observed Errors > Observed Correct Inhibitions
// Subjects=21
6	30	-12
12	57	6
-6	42	-6
3	3	-15

// Shane M S, 2008: Observed Errors vs. Performed Errors
// Subjects=21
-45	-39	60
-33	-45	-51
0	-81	21
-66	-24	18
12	-66	9
-60	-21	42
-18	-48	63
-54	-27	51
-54	-72	12
-15	-51	-3
6	66	3
63	-18	36
45	-45	60
-9	0	60

// Simoes-Franklin C, 2010: Punishment Go-NoGo > Neutral Go-NoGo
// Subjects=16
25.07	4.08	58.87
-19.8	-5.88	57.99
37.64	7.04	27.25
-37.18	8.62	26.86
4.67	4.07	46.84
3.47	17.04	35.73
28.39	-60.63	47.53
-28.29	-47.05	49.27
-14.8	-1.79	14.1
16.09	1.77	2.29
-22.43	4.29	-3.05
34.12	24.63	-6.53
-28.92	23.28	-4.57

// Simoes-Franklin C, 2010: Neutral Go-NoGo vs. Punishment Go-NoGo, Errors
// Subjects=16
-48.75	-12.62	42.16
34.51	17.74	42
46.39	-.71	50.1
-29.73	29.19	30.63
37.5	41.85	23.22
43.75	44.66	3.95
-31	50.19	13.27
23.41	57.32	4.24
-6.34	31.47	16.78
3.49	19.41	38.87
11.25	-68.82	39.49
53.96	-33.79	48.33
-35.79	-42.96	47.9
-56.14	-47.99	39.63
-53.17	-17.45	21.43
50.33	-41.52	-10.09
-45.57	-58.99	20.36
59.06	-56.04	7.76
53.66	-34.67	9.38
-10.21	-76.49	24.77
15.33	-69.71	13.87
-17.07	13.38	3.93
17.08	13.07	-3.13
42.77	16.99	4.05
-41.62	12.34	6.53
-16.07	8.21	-7.92
6.59	-31.15	4.05
-4.11	-14.84	9.49

// Simoes-Franklin C, 2010: Nuetral Go-NoGo vs. Punishment Go-NoGo, Successful 
// Inhibitions
// Subjects=16
4.79	-3.45	59.73
47.2	10.9	21.24
33.2	38.22	17.99
42.67	48.89	3.61
26.58	60.25	0.61
-1.94	20.64	27.68
8.7	29.08	25.73
4.63	12.44	45.02
-47.83	-8.62	25.08
-47.75	-64.97	11.97
24.54	3	-10.18
-19.2	7.91	2.18
57.06	-38.14	33.05
36.29	17.33	-4.82
-30	26.45	-4.83
14.96	12.08	-1.91
8.69	-4.02	10.67

// Finger E C, 2008: Successful Extinction > Successful Baseline (Control)
// Subjects=19
15	69	-5
-16	62	-9
-30	42	-11

// Finger E C, 2008: Correct Hits > Correct Avoidance
// Subjects=19
37	-66	58
-27	-70	58
47	4	30
32	40	-19
-32	-28	72
15	5	-17

// Finger E C, 2008: Early Extinction Phase > Late Extinction Phase
// Subjects=19
4	34	42
-35	20	29
42	13	43
-27	20	4
40	-70	47
-41	-62	45
52	18	-7
3	-75	34

// Finger E C, 2008: Extinction > Baseline (Control)
// Subjects=19
9	70	-1
35	33	-17

// Finger E C, 2008: Response Type x Phase
// Subjects=19
-37	-2	-10
-51	20	12

// Finger E C, 2008: Response x Pair
// Subjects=19
-62	-10	7

// Finger E C, 2008: Response x Phase x Pair
// Subjects=19
-43	-6	0

// Duka T, 2011: A+ or B+ vs. C- or D-, Reward vs. Non Reward
// Subjects=8
-16	-42	-48
-6	-52	10
-22	-14	-18
-4	52	-12
-16	32	52
14	-6	44
-8	-10	48
-48	-14	54
32	-14	16
32	14	-40
-48	-64	22

// Duka T, 2011: (AB-) - (CD-), Incentive Conflict
// Subjects=8
-34	-8	0
-16	52	-4
-6	38	-24
8	10	68
42	-16	-26
-12	48	36

// Duka T, 2011: (A-) - (A+), Reversal
// Subjects=8
-26	56	-2
-6	66	18

// Duka T, 2011: (A+) - (A-), Reversal
// Subjects=8
-22	-66	28

// Kaladjian A, 2007: Correct NoGo Trials vs. Correct Go Trials, Healthy 
// Controls
// Subjects=21
-8.38	56.21	30.34
-43.86	26.72	38.34
49.41	31.54	-18.63
0.71	55.93	-19.1
-62.6	-29.71	-1.7
58.24	-8.64	-12.57
-49.9	-53.09	57.55
55.68	-56.07	31.39
1.69	-56.05	34.55
-40.86	-66.97	0.49
30.79	-82.72	23.24

// Passarotti A M, 2010: Stop > Go, Healthy Controls
// Subjects=15
12.91	66.88	32.55
-54.49	26.1	6.64
-44.79	46.73	24.87
54.78	-46.21	11.45
-63.76	-46.15	22.84

// Passarotti A M, 2010: Go > Stop, Healthy Controls
// Subjects=15
-31.57	1.54	58.62
29.34	-31.1	43.93
3.46	-40.17	11.53
-12.62	-24.41	10.39
25.92	-43.21	11.53
23.59	2.07	5.52
-22.35	1.88	7.18
32.69	-42.75	58.25

// Pavuluri M N, 2010: Stop vs. Go, Healthy Controls, Baseline > Follow-Up
// Subjects=13
-46.08	51.1	-1.13
25.44	67.13	-6.64
-.75	36.19	49.78

// Pavuluri M N, 2010: Stop vs. Go, Healthy Controls, Follow-Up > Baseline
// Subjects=13
16.42	3	45.68
-10.27	-3.51	46.53
29.02	-19.04	7.23
-23.36	-9.58	10.39
12.85	16.81	4.41
-12.82	16.4	1.4

// Singh M K, 2010: NoGo minus Go, Healthy Controls
// Subjects=22
52	6	30
10	10	46

// Strakowski S M, 2008: Correct Stops > Non Targets, Healthy Controls
// Subjects=16
49.42	7.37	30.43
48.4	5.68	36.16
-4.04	29.85	36.97
7.73	23.5	36.25
0.3	-19.96	25.48
8.88	-23.97	27.95
-2.05	-9	2.29
8.88	-23.97	27.95
-2.05	-9	2.29
8.65	-9.9	3.35
-39.55	16.07	-.5
43.84	13.74	3.2
-57.46	-51.63	6.5
59.69	54.82	-3.77
-31.49	-61.33	43.82
30.5	-65.28	42.32

// Strakowski S M, 2008: Non Targets > Correct Stops, Healthy Controls
// Subjects=16
-2.86	-58.02	15.33
7.81	-55.84	15.02
-48.68	-66.78	29.97

// Townsend J D, 2012: NoGo minus Go, Healthy Controls
// Subjects=30
-36	38	36
-36	48	20
32	58	16
-28	-4	48
-34	20	2
36	20	2
-42	14	2
2	16	38
-58	-46	20
-58	-40	42
-36	-46	44
46	-44	38
-58	-48	28
62	-44	30
-36	-90	-6
30	-60	36
-16	10	8
24	10	14
-22	10	8
20	10	0
-14	-10	8
16	-10	8
-8	-16	-8
10	-14	-10

// Zandbelt B B, 2011: Parametric Effect of Stop-Signal Probability on 
// Go-Signal Activation, Schizophrenia Siblings
// Subjects=22
52	4	48
48	0	44
40	-4	44
40	20	-4
48	12	0
-16	-72	28
-24	-68	28
-16	-76	40
-40	-80	8
-44	-36	40
-52	-28	36
0	16	32
0	24	36
28	-68	32
32	-68	24
4	20	52
4	8	48
0	4	56

// Zandbelt B B, 2011: Parametric Effect of Stop-Signal Probability on 
// Go-Signal Activation, Healthy Controls
// Subjects=22
-56	-44	28
-56	-44	36
-52	-28	40
-56	-32	32
-36	-24	32
-48	-36	32
-44	-60	36
-12	-20	4
-12	0	4
12	0	4
12	-20	8
8	-8	8
16	8	0
-12	-32	4
16	-32	8
20	-12	8
24	-20	8
32	-64	44
60	-36	28
16	-80	44
40	-36	36
-8	-80	40
-16	-84	40
-4	-64	56
-24	-52	60
-20	-76	36
64	-44	12
32	-44	44
52	-32	32
-20	-72	44
12	-88	32
56	-32	-12
48	-32	-8
-24	-64	56
52	-32	44
64	-48	32
52	-44	0
68	-20	-12
60	-24	28
-40	-8	48
-24	-4	52
-24	0	64
-24	-12	64
-20	-4	68
-16	-20	68
52	16	-4
36	24	-4
52	8	12
4	16	44
4	8	52
4	32	40
44	24	36
20	44	32
52	4	44
40	0	48
32	32	36
16	4	64
-8	36	36
52	4	36
52	8	28
16	-20	64
4	16	60
4	0	68
4	-12	64
40	20	48
16	-20	72
36	-4	60
32	48	24
4	16	28
8	-16	68
36	20	4
44	-76	4
36	-80	24
28	-76	16
52	-60	0
52	-56	-16
48	-48	-12
-28	40	36
-32	28	40
-40	40	24
-48	12	-8
12	-44	36
12	-28	36
16	-44	24
-24	-76	16
-36	-52	48

// Zandbelt B B, 2011: Successful Stop-Signal > Failed Stop-Signal, 
// Schizophrenia Siblings
// Subjects=22
20	12	-12
-24	12	-12
-20	8	-8
-12	16	-12
-20	8	48

// Zandbelt B B, 2011: Failed Stop-Signal > Successful Stop-Signal, 
// Schizophrenia Siblings
// Subjects=22
-48	-20	52
-52	-20	44
-44	-24	40

// Zandbelt B B, 2011: Successful Stop-Signal > Failed Stop-Signal, Healthy 
// Controls
// Subjects=22
28	-4	8
24	0	4
28	8	0
16	8	12
28	-8	-8
32	-12	-4
44	16	48
24	24	56
24	32	52
32	32	44
28	12	64
24	12	52
-28	-4	4
-24	-8	12
48	28	24
56	24	28
40	56	8

// Zandbelt B B, 2011: Failed Stop-Signal > Successful Stop-Signal, Healthy 
// Controls
// Subjects=22
16	-28	-12
-4	-32	-4
-44	-16	56
-52	-16	48

// Zandbelt B B, 2011: Successful Stop-Signal > Go-Signal 0% Stop-Signal 
// Probability, Schizophrenia Siblings
// Subjects=22
48	16	-4
40	20	0
32	24	8
4	8	44
24	12	-8
8	16	36
36	36	36
28	-4	64
40	8	32
32	36	28
0	28	32
32	48	32
4	24	36
0	32	24
48	8	24
36	-4	56
48	4	48
12	0	68
8	-4	64
16	8	4
36	20	24
48	32	32
28	-8	44
32	4	44
28	0	48
12	-8	4
-12	-4	60
12	-8	56
28	-64	32
64	-44	24
60	-40	16
24	-64	40
60	-44	8
32	-52	40
60	-40	40
16	-72	40
28	-68	20
32	-60	40
48	-76	4
28	-48	36
52	-48	32
52	-36	24
52	-24	-16
36	-72	16
52	-48	0
56	-32	36
48	-52	40
48	-32	-4
52	-64	-4
52	-48	-12
8	-68	56
40	-52	56
32	-80	4
36	-84	8
-28	-24	4
-36	20	-4
-36	40	32
-40	32	40
-28	48	20
-32	52	24
-32	-8	44
-40	0	32
-56	-48	4
-56	-48	32
-44	-40	40
-56	-44	44
-56	-36	24
-64	-28	24
-24	-72	20
-28	-76	16
-40	-80	0
-36	-84	4
-52	-60	-8
-48	-68	-4
-40	-72	0
-28	-52	36
-12	-72	36
-20	-72	40
-24	-64	36
36	60	-4
28	64	0

// Zandbelt B B, 2011: Go-Signal 0% Stop-Signal Probability > Successful 
// Stop-Signal, Schizophrenia Siblings
// Subjects=22
-4	60	0
0	24	-8
-20	24	44
-8	56	36
-4	68	16
-16	68	20
-4	48	44
-16	36	44
0	12	-12
-12	40	52
-8	24	4
8	40	-12
12	-56	4
-12	-60	8
-8	-48	28
-4	-64	20
32	-52	4
20	-44	16
-24	-16	-24
-20	-8	-20
-28	-28	-20
-40	-16	-24
-44	-72	24
-40	-80	28
24	-12	-24
12	-4	-24
64	-4	24
64	-12	36
-36	-32	64
-20	-36	68
-56	-20	44
-40	-24	48
-40	12	-36
-44	0	-36
40	-16	12
-52	28	12

// Zandbelt B B, 2011: Successful Stop-Signal > Go-Signal 0% Stop-Signal 
// Probability, Healthy Controls
// Subjects=22
32	20	0
40	52	20
48	16	8
36	44	28
36	-4	48
40	0	44
24	-4	60
40	0	32
52	16	28
48	8	28
28	52	24
40	-4	60
52	20	20
20	0	8
16	8	8
44	0	56
20	4	68
12	12	4
40	16	48
48	28	28
40	32	32
36	24	36
-28	24	-8
-40	16	4
36	-52	36
56	-40	28
20	-72	36
48	-40	4
44	-52	36
56	-48	28
48	-60	0
56	-44	36
64	-44	16
52	-56	40
60	-4	8
52	-44	48
32	-72	20
44	-72	8
28	-68	56
4	28	36
-40	0	32
4	12	48
-4	8	48
-20	-8	60
8	16	40
-8	28	20
4	28	52
-44	-4	44
-44	4	20
8	32	24
-28	-64	36
-20	-68	40
-12	-72	36
8	-16	8
48	-24	-12
56	-28	-16
60	-24	-12
-56	-44	20
-60	-52	32
-56	-44	36
-64	-52	20
-56	-48	8
0	-20	-12
-32	52	28
-36	36	36
-40	48	16

// Zandbelt B B, 2011: Go-Signal 0% Stop-Signal Probability > Successful 
// Stop-Signal, Healthy Controls
// Subjects=22
-8	-56	8
12	-56	8
-4	-60	24
20	-48	8
-16	-52	0
36	-16	-20
8	-48	-4
16	-48	-4
28	-24	-16
-20	-28	-20
-24	-20	-24
20	-36	-16
-20	-4	-16
20	-16	-24
36	-40	-4
-24	-36	-16
32	-52	4
36	-32	-16
-20	-44	-8
20	-24	-24
-4	64	-8
-12	56	32
-16	32	44
0	48	-16
-12	68	8
-20	16	48
-4	64	24
0	44	-8
-4	52	44
0	68	8
12	40	-12
0	40	4
12	36	0
0	48	0
-40	-72	24
-48	-72	20
-40	-80	28
-28	-84	36
60	-8	-20
48	-4	4
52	-8	8
48	-12	12
68	-12	-4
-56	-8	-20
-44	0	-32
-48	12	28
-44	8	-36
64	-4	32
52	-12	36
-36	-12	12
48	-72	24
48	-64	20
-8	-36	64
8	-36	60
-52	-16	44
-40	-20	48
-44	-16	56

// Chevrier A, 2010: Post-Error Slowing Activations
// Subjects=14
-8.64	31.95	-4.42
21.49	46.33	27.49
32.28	39.76	37.95
20.07	41.58	-20.05
12.41	-12.95	73.82
57.78	2.19	4.01
-59.75	3.86	8.56
-47.52	-53.77	46.71
67.52	-16.27	12.13
58.77	-5.26	-9.88
-58.79	-1.65	-7.72
48.98	1.77	-28.2
-47.21	4.28	-28.42
46.97	-76	-42.84
8.55	-15.33	-11.8
-7.47	-16.49	-11.52

// Carrion V G, 2008: Control, No-Go vs Go
// Subjects=14
39.87	32.85	-4.03
-31.59	27.1	-15.69
28.84	32.22	-21.71
-27.3	29.04	-18.2
10	40.01	28.26
10.14	52	41.64
33.59	39.81	13.31
10.28	16.9	45.11
48.48	21.73	-8.68
-42.37	22.81	-15.09
13.94	20.75	-5.76
-16.3	16.29	-5.92
-5.48	12.07	-5.69
24.6	14.23	-18.74
-26.99	10.59	2.67
7.66	-24.8	1.1
7.58	-6.82	-1.8
34.16	14.52	52.79
55.21	-54.07	-4.66
50.64	-25.35	-18.63
60.36	-3.42	-14.24
46.53	-64.3	-10.22
-46.37	-75.47	-9.78
-20.44	-46.89	-4.08
-19.61	-70.21	56.48
51.48	-35.48	45.11
10.46	-58.38	43.59
-5.46	-31.51	-12.58
-22.51	-50.64	1.93
48.78	-69.09	-4.18
-44.17	-78.44	-7.28

// Bonnet M, 2009: Initial Go/No-go > Tonic Alertness
// Subjects=20
-30	-85	-17
-30	-44	-27
41	20	22

// Bonnet M, 2009: Complex Go/No-go > Initial Go/No-go
// Subjects=20
22	-85	32

// Bonnet M, 2009: Complex Go/No-go > Tonic Alertness
// Subjects=20
29	-71	42
-42	-67	-20
41	6	28
32	-85	-11
-33	-92	-5

// Bonnet M, 2009: Positive Correlation between Activation During Initial 
// Go/No-go and Response Time
// Subjects=19
22	-10	40
-27	1	3

// Bonnet M, 2009: Positive Correlation between Activation During Reversal 
// Go/No-go and Response Time
// Subjects=19
-42	-27	11

// Bonnet M, 2009: Positive Correlation between Activation During Complex 
// Go/No-go and Response Time
// Subjects=19
-40	-24	17

// Bonnet M, 2009: Negative Correlation between Activation During Initial 
// Go/No-go and Response Time
// Subjects=19
7	-89	-23

// Bonnet M, 2009: Negative Correlation between Activation During Reversal 
// Go/No-go and Response Time
// Subjects=19
-20	-58	-19

// Bonnet M, 2009: Positive Correlation between Activation During Initial 
// Go/No-go and Education Level
// Subjects=20
-27	20	34
-20	-75	-23
21	-24	-14

// Bonnet M, 2009: Positive Correlation between Activation During Reversal 
// Go/No-go and Education Level
// Subjects=20
13	-37	-8
-15	-75	-20

// Bonnet M, 2009: Positive Correlation between Activation During Complex 
// Go/No-go and Education Level
// Subjects=20
4	-51	-6

// Bonnet M, 2009: Negative Correlation between Activation During Tonic 
// Alertness and Education Level
// Subjects=20
-24	-17	-26

// Bonnet M, 2009: Negative Correlation between Activation During Complex 
// Go/No-go and Education Level
// Subjects=20
47	-64	27
4	34	38

// Mechelli A, 2009: Go/Nogo > Fixation
// Subjects=7
-36	50	28
38	50	32
-46	46	8
38	54	8
50	22	40
50	16	-4
62	-40	-2
4	-26	34
-42	-64	50
36	-60	46
-34	-60	-20
34	-58	-20
-42	-82	-10
38	-84	-12
6	-88	-6
-4	-88	-6

// Mechelli A, 2009: Nogo > Go
// Subjects=7
42	22	42
26	-2	48
42	0	38
62	-48	16
48	-30	-8
40	-40	44
28	-64	48
8	-62	50

// Mechelli A, 2009: Go > Nogo
// Subjects=7
20	-52	-22
-26	-64	-14
28	-56	-10
-26	-64	-14
6	28	-6
-28	-42	-12
28	-44	-12
-44	-18	14

// Mechelli A, 2009: Go/Nogo, CT and TT Variants > CC Variant
// Subjects=7
44	24	-14

// Mechelli A, 2009: Go/Nogo, TT Variant > CC Variant
// Subjects=7
44	24	-14

// Mechelli A, 2009: Go/Nogo, CT and TT Variants > CC Variant (Controlling for 
// Teacher Rated Hyperactivity)
// Subjects=7
44	24	-14

// Mechelli A, 2009: Go/Nogo, TT Variant > CC Variant (Controlling for Teacher 
// Rated Hyperactivity)
// Subjects=7
44	24	-14

// Mechelli A, 2009: Effect of twin pairs: Go/Nogo, CT and TT Variants > CC 
// Variant
// Subjects=60
44	24	-14

// Mechelli A, 2009: Effect of twin pairs: Go/Nogo, TT Variants > CC Variants
// Subjects=60
44	24	-14

// Callan A M, 2009: Driver Occluded View (DO) > Driver Occluded View with 
// Camera (DOC)
// Subjects=14
-13.7	-83.27	8.37
-68.62	-29.6	34.25
-42.08	-9.98	1.6
41.88	5.47	-21.53
-24.94	37.09	-1.11
53.18	-2.77	16.07
-52.68	-6.33	18.23
14.61	-2.75	41.38
-11.59	22.5	25.88
29	-76.01	-31.18
-56.24	-16.38	-8.73
-9.9	56.18	-4.37
-31.51	-10.64	-17.56
41.98	-16.76	-18.21
-26.8	-19.73	11.27
-25.16	0.46	-25.49
26.84	30.16	-9.15
-22.47	15.36	18.93

// Callan A M, 2009: DOC > DO
// Subjects=14
-29.18	-65.19	-15.57
33.57	-55.52	-7.51
-32.77	5.98	57.01
40.56	-80.14	27.31
-50.42	-75.64	11.6
36.58	-50.24	60.27
-31.98	68.32	46.35
-15.27	-62.44	59
17.16	-68.71	59.07
-28.43	-78.18	40.61
37.45	-73.69	39.05
10.17	-96.59	13.76
-9.41	-74.74	7.45
12.19	-63.72	9.35
48.88	15.92	21.02
14.11	-75.36	-11.94
1.1	-77.95	-15.94
48.84	-77.39	-1.12

// Callan A M, 2009: Driver Non-Occluded View with Camera (DNC) > Driver 
// Non-Occluded View (DN)
// Subjects=14
40.62	-80.79	31.85
-30.78	-80.71	25.21
10.28	-94.7	22.54
-11.6	-72.73	6.17
33.59	-61.91	-6.88
-20.4	-69.54	-5.2
23.52	-72.91	48.17
44.51	-77.41	-1.05
16.34	-48.58	-1.18
38.68	-48.53	55.59
-.18	-65.89	55.72

// Dillo W, 2010: Go/NoGo Task in Healthy Controls
// Subjects=15
10.36	10.94	50.18
8.35	7.71	61.74

// Daly E, 2014: No-Go > Oddball, Controls, Sham
// Subjects=14
66.14	28.88	-9.48
51.13	56.8	-4.96
24.64	58.95	25.28
70.63	10.27	10.99
-33.33	67.92	-4.92
-56.85	43.58	-14.88
-64.15	21.21	-.65
-37.18	-8.98	19.42
58.74	-3.32	-12.27
-63.75	-60.32	18.45
-60.56	-69.28	12.47
5.65	-93.52	-4.1
-5.96	-108.5	9.56
-48.78	-88.67	8.39
-32.79	-101.15	-3.01
-29.82	9.67	12.19
-41.48	-90.51	-16.07

// Daly E, 2014: No-Go > Oddball, Controls, ATD
// Subjects=14
5.24	52.72	1.49
32.14	42.71	20.98
43.92	47.43	26.02
35.49	3.6	24.22
-3.1	47.15	26.58
13.03	19.76	28.7
-13.6	11.65	36.37
24.56	17.51	-1.36
20.4	23.09	16.07
-13.68	7.54	24.45
-25.5	10.12	17.68

// Shafritz K M, 2015: Letter No-Go - Letter Go, Controls
// Subjects=15
32	38	24
8	18	42
32	24	6
-38	10	8
40	6	34

// Shafritz K M, 2015: Happy No-Go - Neutral Go, Controls
// Subjects=15
10	14	44
32	2	48
36	34	24
32	26	4
-34	16	10
38	-50	38

// Shafritz K M, 2015: Fear No-Go - Neutral Go, Controls
// Subjects=15
2	22	46
44	8	42
42	26	4
-38	18	4
34	-58	44

// Shafritz K M, 2015: Happy No-Go - Fear Go, Controls
// Subjects=15
10	16	42
-10	20	36
42	36	18
32	2	50
38	18	8
-36	16	8
34	-60	40
12	-8	8

// Shafritz K M, 2015: Fear No-Go - Happy Go, Controls
// Subjects=15
4	18	46
38	24	2

// Shafritz K M, 2015: Happy Go - Fear Go, Controls
// Subjects=15
-30	42	-8
-42	44	-8
-18	20	-14
-26	4	-14
-34	52	12

// Shafritz K M, 2015: Emotional No-Go - Letter No-Go, Controls
// Subjects=15
-36	-54	-20
36	-56	-22
-22	-76	-18
20	-74	-16

// Congdon E, 2014: Activation during response inhibition for controls
// Subjects=62
64	-16	2
-32	20	4
12	8	4
-8	2	-6

// Siniatchkin M, 2012: no-go: healthy controls
// Subjects=14
2	18	34
-42	6	-2
50	18	-2
-30	52	10
28	60	10
-4	14	2
12	6	10

// Spinelli S, 2017: pre-error > pre-correct inihibition: controls
// Subjects=17
42	-82	28
44	-70	34
44	-62	26
20	-6	-28
36	-16	-22
28	-10	-24
22	30	36
22	24	42
14	30	48
-2	-62	22
18	-56	6

// Sebastian A, 2012: go/no go task: no-go > go; control group
// Subjects=24
0	0	60
-48	-6	51
-21	-6	57
36	-87	6
48	-72	-3
27	-93	12
57	-69	6
54	-21	-3
60	-30	0
60	9	-6
-51	-75	3
33	-63	57
30	-54	45
45	-42	54
45	-33	39
54	3	43
36	-6	48

// Sebastian A, 2012: stop signal task: stop > go; controls
// Subjects=24
48	-57	-12
48	-42	-42
30	-54	-15
54	-42	6
51	-45	12
45	-60	45
30	-69	51
33	-66	42
30	21	-9
36	54	0
45	27	-6
51	27	3
54	21	12
15	60	21
0	36	15
6	42	42
0	30	39
6	36	27
36	24	45
51	6	45
-57	-60	9
-39	-54	-12
-45	-72	-3
-39	12	-6
36	-87	6
42	-78	12
-51	-54	48

// Janssen T W P, 2015: Successful inhibition (SI vs. SI-C) in TD
// Subjects=17
51.26	18.64	-2.87
-35.27	11.78	-1.31
6.41	38.44	9.36
22.46	61.77	20.6

// Peyrin C, 2011: Typical, Flanked > Baseline
// Subjects=12
-37.85	-46.83	-13.88
46.45	-52.81	-13.6
31.1	-53.01	53.92
-24.02	-69.78	49.79
-37.08	-35.59	48.87
50.38	-35.59	44.02
-18.14	-86.34	-1.34
-31.1	-69.92	2.86
4.7	-70.88	13.55
-11.51	-68.81	13.62
17.64	-87.41	8.24
-40.81	30.81	24.44
53.36	10.59	32.68
37.34	21.77	49.77
18.05	17.42	61.74
1.48	28.8	35.12
26.84	-71.66	-30.45
-11.87	-75.87	-15.93

// Peyrin C, 2011: Typical, Isolated > Baseline
// Subjects=12
49.89	-69.94	-1.88
-44.08	-73.36	1.18
-27.79	-82.56	5.18

// Peyrin C, 2011: Typical, Flanked > Isolated
// Subjects=12
-14.27	-53.17	54.71

// Wang S, 2013: lure > no go: controls
// Subjects=31
0	-56	36

// Chevrier A, 2015: Stop > Rest
// Subjects=14
-5.96	-74.53	22.32
-29.29	-52.98	55.36
29.21	-89.52	4.22
-38.3	-64.43	-9.38
21.96	-21.23	62.14
18.86	-37.74	69.14
51.59	-25.2	21.99
53.63	-16.27	13.41
-4.93	-57.34	24.22
-5.94	-52.26	34.95
-9.23	-44.42	26.53
11.05	-57.76	17.38

// Chevrier A, 2015: Respond > Rest
// Subjects=14
46.55	-41.86	54.67
-5.94	14.72	61.68
-1.74	6.23	47.84
-9.27	-11.84	34.95
8.63	37.11	19.49
22.45	56.22	17.72
32.95	51.06	-8.73
-25.27	-89.67	7.09
46.85	-14.7	-34.6
17.43	-93.1	0.19
-22.38	12.54	7.4
-14.95	-7.73	-7.71
22.43	6.58	-4.88
17.28	-7.94	14.24
-30.95	-72.27	-28.88
-5.86	-64.61	40.45
1.59	-79.17	30.43
-48.06	-22.02	-10.59
48.07	-8.67	-11.7
3.08	12.93	-17.45
-25.82	22.19	-19.01
-7.69	63.68	-7.09
-0.05	4.96	-10.06

// Aron A R, 2007: Noncritical Stop > Noncritical Go
// Subjects=15
-40	-44	46
-44	-46	34
-54	-28	0
46	10	-6
52	-24	-4
50	-50	42
-48	36	26
-44	46	24
-50	42	10
-34	-70	-60
-20	-80	-58
-14	-78	-46
14	-8	6
10	-16	-6
8	-22	-12
6	-38	24
-2	-24	30
10	-26	36
-26	-70	-36
-40	-64	-36
-34	-76	-32
38	58	-10
28	52	-12
22	52	-22
-12	-84	-30
-16	-92	-32

// Cai W, 2011: Not-Stop Task (NST) > Stop-signal Task (SST)
// Subjects=23
-60	-51	-3

// Cai W, 2011: Color > Motion
// Subjects=23
-33	-66	-18

// Cai W, 2011: Motion > Color
// Subjects=23
48	-63	-3
-48	69	0

// Cai W, 2011: SST: All Stop > Go
// Subjects=23
-27	-90	-12
-39	-63	-9
-33	-90	9
45	-66	-15
45	-54	-18
33	-84	-9
-30	18	-15
-51	39	12
-45	12	-30
-12	27	27
9	33	24
6	45	3
-24	39	36
-27	42	21
-27	51	30
18	-3	-21
-24	-15	-33
-3	-24	-3
-18	-9	-21
9	-63	6
18	-57	9
-51	39	12
48	45	3
-42	12	-9
36	12	-6
51	15	3
-48	9	27
48	8	30
33	42	30

// Cai W, 2011: SST: Stop > Go, Successful trials
// Subjects=23
-36	-69	-9
39	-72	12
-30	-90	-12
-15	-60	-39
24	-3	60
21	6	55
24	9	48
33	21	51
33	39	39
12	54	36
48	9	30
12	33	48
27	6	51
-51	39	12
-48	39	0
57	21	6
51	39	0
9	-6	6
-3	-24	-3
9	-9	51
9	0	42

// Cai W, 2011: NST: Not Stop > Go
// Subjects=23
-45	-69	-6
-27	-84	-12
-39	-78	-12
-21	-6	48
-51	3	27
-42	-3	42
-48	-6	36
-30	-3	63
-12	-3	69
33	-84	-6
42	-63	-15
48	9	33
45	-54	-18
39	18	18
48	27	12
21	-6	69
21	3	63
30	-57	45
-6	-30	-12
-21	-27	-6
-33	24	6
3	30	3
-48	6	-21
-12	-72	6
24	42	18
30	36	21
-48	-42	12

// Cai W, 2011: SST: Successful Stop > Unsuccessful Stop
// Subjects=23
-21	-3	-3
-27	-15	-18
-15	6	-15
33	-6	24
39	-15	21
30	-21	-3
-9	-54	15
0	-60	21
15	-45	21
-48	-75	18
12	-30	63
21	-18	66
-33	-39	24
-36	-48	9
-24	-48	30
12	-9	51
51	-51	12
21	12	0
-15	30	48
-24	30	48
21	15	27
51	-3	15
12	9	-15
-6	-57	42
-12	-48	0

// Cai W, 2011: SST Unsuccessful Stop > NST Not Stop
// Subjects=23
39	9	-24
33	27	0
33	18	6
-24	-69	24
-18	-69	39
-12	-75	51
0	0	54
-6	12	42
9	9	48
30	-3	51
18	-3	69
33	42	24
-54	-30	24
-60	-24	33
-57	-42	15
-21	-72	6
-27	39	21
-24	-3	45
-39	12	0
-54	12	-6
-48	0	-6
-39	-54	-21
-33	-57	-15
-30	27	-3
9	12	3

// Cai W, 2011: Conjunction: (SST Stop - SST Go) and (NST Not Stop - NST Go)
// Subjects=23
-30	-78	-12
-30	-87	-15
-42	-69	-6
33	-84	-9
42	-66	-15
45	-54	-18
-21	-60	45
48	9	30
-51	6	27

// Chao H H, 2009: Short SSRT > Long SSRT (Within Subjects)
// Subjects=65
28	-4	0
-4	-44	-12
8	-12	40

// Ghahremani D G, 2012: Stop > Go
// Subjects=18
36	20	-10
48	10	16
46	4	42
-32	18	-6
4	14	48
32	50	22
-34	46	22
64	-34	8
-62	-42	16
-16	-100	0
32	50	22

// Ghahremani D G, 2012: Negative Correlation of Stop Signal Reaction Time and 
// Successful Stop > Go
// Subjects=18
4	58	32
18	62	16
2	40	6
-40	46	6
-20	54	-12
20	14	-2
12	10	10
10	-4	8
-50	-60	40
-50	-72	18
8	-84	-30

// Jimura K, 2014: Stop > Go, Negative Correlation w/ Stop Signal Reaction 
// Time (SSRT) (Runs 3-12)
// Subjects=46
10	-64	-24
-2	-84	6

// Jimura K, 2014: Stop > Go, Negative Correlation w/ SSRT (Runs 8-12)
// Subjects=46
-12	-66	-46

// Jimura K, 2014: Stop > Go, Negative Correlation w/ SSRT (Runs3-7 > Runs 
// 8-12)
// Subjects=46
-12	-64	-46

// Rubia K, 2007: Successful Stop > Unsuccessful Stop (Adults)
// Subjects=26
44.88	29.87	5.18
-46.01	32.07	0.46
10.72	45.41	16.54
-46.83	-62.11	-6.13
36.54	-76.75	-10.32
-22.43	-42.9	-21.4
-9.32	-54.17	10.62

// Rubia K, 2007: Successful Stop > Unsuccessful Stop (Children)
// Subjects=26
50.14	16.98	-10.53
31.92	59.14	-.47
-22.15	18.2	39.27
-41.33	5.48	41.67
40.98	-4.69	40.46
-45.92	5.46	0.46
40.37	4.29	-36.12
5.95	-54.08	51.7
20.44	-84.14	-21.78

// Rubia K, 2007: Successful Stop > Unsuccessful Stop (Adults > Children)
// Subjects=26
46.97	37.11	2.32

// Rubia K, 2007: Unsuccessful Stop > Go (Adults)
// Subjects=26
2.08	57.62	10.03
-51.36	31.95	-.58
52.43	-7.78	-.67
-50.93	-27.33	31.15
-59.56	-27.09	21.19
3.63	-47.26	29.96
3.53	-15.37	29.52

// Rubia K, 2007: Unsuccessful Stop > Go (Children)
// Subjects=26
-4.18	50.32	26.33
-56.55	-26.93	-4.51
-41.25	-60.73	24.92
51.37	-17.65	-4.29
46.39	-58.89	27.1
3.59	-54.21	22.74

// Rubia K, 2007: Unsuccessful Stop > Go (Adults > Children)
// Subjects=26
1.17	35.12	21.97

// Rubia K, 2007: Successful Stop > Unsuccessful Stop (Positive Correlation w/ 
// Age)
// Subjects=26
46.93	29.02	-5.93
-41.75	45.04	2.67
-3.09	42.92	26.94
-60.87	1.14	1
47.39	-23.39	31.92
24.8	-20.67	14.11
-6.24	-45.57	-2.4
47.39	-23.39	31.92
-10.52	-30.28	3.05
-15.04	20.99	-7.89
33.36	-73.26	-6.11
1.14	-70.68	-24.92
-25.49	-66.72	-12.68
-10.12	-76.61	37.04

// Rubia K, 2007: Successful Stop > Unsuccessful Stop (Negative Correlation w/ 
// Age)
// Subjects=26
43.87	-2.46	0.1
65.2	-2.76	-5.7
-28.67	-25.73	8.46
-28.77	1.76	6.15
9.05	-70.58	30.74
44.24	-51.33	28.72
-36.96	-30.79	40.2

// Rubia K, 2007: Unsuccessful Stop > Go (Positive Correlation w/ Age)
// Subjects=26
0.98	61.67	7.48
1.18	34.06	22.06
50.41	0	17.66
4.7	-39.51	33.76
4.53	-68.77	-.58
42.99	-77.43	-5.87

// Rubia K, 2007: Unsuccessful Stop > Go (Negative Correlation w/ Age)
// Subjects=26
-26.68	-22.86	-9.65
-25.61	-22.85	-9.66
-22.31	-9.83	7.05
-22.25	-37.75	3.81
-25.34	-57.44	11.08
23.59	-10.07	-.15
23.79	-12.33	25.69
47.31	-27.51	20
24.88	-57.13	10.47

// Hendrick O M, 2010: Stop > Go
// Subjects=60
4	-20	-4
4	-24	-20
4	-24	32
8	28	32
8	20	56
-4	40	32
12	8	8
32	24	-4
44	12	36
48	12	52
32	-92	-8
44	-80	-8
60	-44	36
-12	4	8
-28	-96	-8
-60	-48	36
-40	-64	-12
-40	16	-4

// Hendrick O M, 2010: Post stop- stop success > Post go - stop success
// Subjects=60
4	-100	0
12	36	60
8	48	52
16	52	32
12	64	8
36	56	-4
44	28	28
48	20	48
40	20	56
-48	-68	-36
36	-84	-32
48	-60	52
52	-48	56
60	-56	32

// Hu J, 2016: Go > 0, Correlation with stop signal anticipation
// Subjects=78
-15	-16	10
-42	-25	52
-48	-43	55
-48	-37	49
24	59	25
36	59	1
39	47	25
12	-13	7
3	32	58
6	20	49
12	8	55
45	-49	55
57	-43	49
36	-46	37
-33	-70	-26
-27	-70	-21
-12	-79	-26

// Hu J, 2016: Go < 0, Correlation with stop signal anticipation
// Subjects=78
6	41	-14
-3	50	-5
-21	29	43
-39	11	55
-9	-58	19
-9	-52	10
9	-58	22
-27	-34	-14
-21	-22	-17
-42	-76	34
-24	-85	34
21	32	40
30	32	52
51	-70	4
33	-85	7
27	-22	-17
30	-31	-17

// Hu S, 2015: Go > 0, Correlation with stop signal anticipation in Healthy 
// Controls, Positive
// Subjects=70
60	-46	43
36	59	-2
-57	-46	40
3	-22	28
-12	-82	-26
6	23	61

// Hu S, 2015: Go > 0, correlation with stop signal anticipation in HC, 
// Negative
// Subjects=70
-30	-37	-11
-21	-13	-17
48	-70	1
-21	14	49
54	-1	-8
24	23	46

// Hu S, 2015: Regional activations to Stop Signal Anticipation
// Subjects=114
57	-43	49
33	56	-5
-57	-46	40
-24	-70	49
9	-70	49
3	-25	28
3	35	52
51	17	1

// Hu S, 2015: Regional activations to Prediction Error
// Subjects=114
54	-40	43
39	17	-2
39	50	4
48	11	40
15	-13	10
24	-1	-2
-57	-40	49
51	-25	-8
-36	17	-2
-18	-19	7
-51	8	10
-36	17	-2
-18	-19	7
-51	8	10
-36	41	19
-39	-55	-26
48	-31	-8
6	29	31

// Hu S, 2015: Regional activations to Reaction Time
// Subjects=114
33	23	4
-33	20	7
12	5	61

// Li C S, 2008: Stop Success > Stop Error, Long > Short SSRT
// Subjects=15
3	-66	-21
9	-48	-24
18	-24	12
-6	-21	-3
-18	-63	-45
12	-33	39
-27	27	27
12	0	48
3	-21	57
30	-69	39
60	6	18
12	-45	69
-9	-42	27

// Li C S, 2008: Stop Success > Stop Error, Short > Long SSRT
// Subjects=30
-3	36	51
-9	51	6

// Spunt R P, 2012: Stop Failure > Stop Success
// Subjects=15
-12	24	30
-12	48	6
-15	51	27
15	-57	-18
-3	15	57
6	-24	-12

// Spunt R P, 2012: Stop Success > Stop Failure
// Subjects=15
-33	-90	15
42	-72	-12
27	12	-6

// Spunt R P, 2012: Stop Failure > Rest, Positive Correlation with Frustration
// Subjects=15
-6	27	27

// Spunt R P, 2012: Stop Success > Stop Failure, Correlation with Frustration
// Subjects=15
-33	-30	54

// Spunt R P, 2012: Stop Failure > Rest, Negative Correlation with Frustration
// Subjects=15
-33	-36	57

// Spunt R P, 2012: Stop Failure > Rest, Positive Correlation with Response 
// Latency
// Subjects=15
33	24	6
-36	30	-3
12	9	66
-45	-9	-9
39	45	9

// Spunt R P, 2012: Stop Failure > Rest, Negative Correlation with Frustration
// Subjects=15
-30	-36	57
3	-15	57

// Wilbertz T, 2014: Stop > Go
// Subjects=24
30	20	-14
32	20	0
50	20	4
46	-28	-4
32	52	-4
34	-56	44
56	-44	28
36	-44	-20
24	-58	4
14	-64	8
6	26	36
0	-30	28
2	16	46
24	56	28
10	-8	6
6	-26	-2
18	-34	0
6	-14	-6
16	-40	-6
10	-14	14
8	-22	10
-30	22	0
-32	16	-10
-44	6	30
-50	28	32
-46	36	28
-28	56	24
-44	52	-8
-44	48	2
-24	42	-16
-24	46	-14
-30	-4	46
-26	2	50
-28	48	16
-40	-62	-14
-32	-50	44
-36	-54	-18
18	-68	6
-54	-50	10
-62	-34	-14
-8	-72	12
-32	-58	-34
-26	-70	-30
-14	-40	-2
0	-22	-20

// Wilbertz T, 2014: Main Effect of Reward: Rewarded stop > Nonrewarded stop
// Subjects=24
30	18	-12
-4	42	8
-46	48	-6
-40	38	-16
-30	16	-14
-34	14	-2
-2	-22	-18
-26	2	8

// Wilbertz T, 2014: Main Effect of Success: Successful stop trials > 
// Unsuccessful stop trials
// Subjects=24
-38	-4	16
-48	2	6
-56	-20	18
-44	-24	20
-58	-20	48
-32	18	12
-44	-36	24
-62	-22	26
58	-14	20
58	-4	-6
-8	10	-10
10	12	14
6	14	-6
-8	4	16
-6	15	8
-10	-18	4
-12	-8	22
-8	40	-12
-2	50	-10
0	60	-12
-40	40	-12
-20	68	10
-28	60	2
-4	68	14
-4	14	36
-24	20	60
-26	28	54
-32	16	60
30	30	54
-22	30	-18
-22	22	-20
26	30	-20
-38	-78	40
-44	-78	30
48	-74	32
-32	-84	34
24	-58	-22
20	-66	-20
4	-46	36
-10	-54	10

// Wilbertz T, 2014: Reward x Success: Successful stop > Unrewarded stop
// Subjects=24
10	6	-12
-12	4	-12

// Wilbertz T, 2014: Stop Success (Reward) > Stop Success (Nonreward), Stop 
// Fail (Reward) > Stop Fail (Nonreward)
// Subjects=24
36	14	-8
-2	42	6
8	36	22
-32	16	-12
-34	14	-2

