// Reference=MNI
// Dade L A, 2001: Odor Working Memory - Baseline
// Subjects=12
-30	53	6
28	57	0
-27	30	-17
32	44	-18
-40	12	33
39	36	32
-51	34	-9
-12	32	30
-15	6	53
0	17	57
21	12	56
27	-4	59
-30	-23	59
-28	18	6
-44	-54	50
-28	-57	47
43	-54	48
8	-69	51

// Dade L A, 2001: Face Working Memory - Baseline
// Subjects=12
-35	51	3
34	56	-2
-28	49	16
-39	5	45
-42	20	36
38	34	41
-46	41	-11
-32	27	5
8	20	50
1	-28	24
11	30	32
16	39	18
-8	6	62
17	12	56
31	3	60
-32	-25	60
-5	-26	59
-62	-33	-8
66	-35	-11
-13	-35	66
-40	-47	44
-5	-64	48
40	-56	50
7	-68	47

// Dade L A, 2001: Conjunction Analysis
// Subjects=12
-34	51	5
28	56	-2
-42	10	41
-41	20	35
40	36	32
-47	39	-11
-35	-52	48
-44	-54	50
40	-56	50
8	-69	51

// Owen A M, 1998: Spatial Working Memory vs. Control
// Subjects=6
50.73	-32.92	46.06
34.73	-39.36	46.79
24.03	-56.06	38.27
14.53	-61.43	52.22
23.89	1.81	43.46
44.14	14.62	42.15
7.62	36.64	27.34
-37.94	-39.8	47.66
-61.83	-43.88	-3.02
-38.18	10.45	36.76
-17.63	9.79	67.8
1.51	15.48	57.07

// Owen A M, 1998: Nonspatial Working Memory vs. Control
// Subjects=6
33.81	13.8	-50.22
61	-33.88	-8.62
50.54	-38.23	18.63
23.89	1.81	43.46
44.15	18.05	45.21
-32.45	16.58	-49.69
-35.24	-51.6	-22.75
-58.7	-51.23	-15.83
-41.38	10.43	36.8
-4.92	12.01	54.09

// Sevostianov A, 2002: Pictures > Words
// Subjects=14
-30.88	-77.04	-21.79
-28.81	-58	-23.41
-18	-17.12	8.73
-20.34	-69.72	-38.13
43.93	-69.91	-18.78
33.17	-48.82	-20.43
44.03	-66.76	-5.67
33.53	-89.06	9.71

// Sevostianov A, 2002: Words > Pictures
// Subjects=14
-56.64	-14.67	-11.11
-45.89	-27.12	-7.96
-58.54	-21.08	16.22
63.12	-15.38	-3.5

// Sevostianov A, 2002: Mixed > (Pictures and Words)
// Subjects=14
-36.92	-.78	56.64
-41.44	27.43	36.49
1.39	37.34	50.77
-45.83	-70.44	-17.71
-48.09	-60.74	-29.65
31.48	1.92	57.86
52.41	-59.62	-24.2
63.13	-26.3	-7.05

// Pochon J B, 2001: MAT vs. MAT CONT
// Subjects=8
27	3	51
30	-51	54
-24	-51	60
-45	-39	45
27	-63	39

// Pochon J B, 2002: Positive Reward Effect
// Subjects=6
3	-75	18
0	57	0
-15	63	9
-54	-57	-18
15	-63	27
57	-42	-12
15	3	24
-18	9	24
33	-27	-18
-3	24	33
-63	-9	12
-39	54	12
21	-66	39
48	-51	-21
-54	-60	-15
24	48	0
-48	42	15
-60	12	27
-3	27	33
-48	48	0
-33	51	27

// Hasson U, 2002: Memory-Words > Blank
// Subjects=13
-18.98	-93.03	-9.43
-46.91	-53.02	-12.46
24.85	-93.74	-8.76

// Shaw M E, 2002: Activations in Controls, GLM
// Subjects=10
-34.68	-61.18	46.07
44.42	-58.25	49.38
-37.14	25.51	38.83
41.86	36.22	32.56
60.97	-30.88	-11.1
-30.44	-4.46	63.57

// Shaw M E, 2002: Activations in Controls, CVA
// Subjects=10
23.31	42.03	-14.55
60.89	-30.68	-22.27
16.07	-57.73	-23.95

// Shen L, 1999: Common Activation
// Subjects=9
0.36	-85.29	6.43
2.5	-85.28	6.4
28.27	-83.84	22.71
-25.16	-84.16	23.35
-28.55	-89.32	-1.83
31.29	-88.96	-2.54
-37.22	-64.34	-8.28
39.71	-63.87	-9.2
-40.39	-57.32	0.09
42.96	-56.83	-.91
52.67	-38.22	18.61
28.36	-48.83	48.77
-25.07	-49.15	49.41
1.77	-58.62	62.16
0.42	10.9	53
0.37	14.79	48.22
10.83	23.46	21.72
22.88	12.35	55.97
-19.86	12.1	56.48
45.17	12	35.67
-42.46	11.48	36.72
-47.96	26.28	22.16
50.35	26.87	20.98
39.46	21.4	-7.43
-37.47	20.94	-6.51
32.15	-65.92	-21.21
-29.83	-66.29	-20.47
-11.65	-78.16	-24.14

// Shen L, 1999: Visual Recognition > Spatial Recognition
// Subjects=9
-31.69	-88.65	7.08
-51.11	-55.62	-4.39
-39.45	-46.63	-13.09
25.64	-30.72	-19.63
-23.52	-31.01	-19.04
-.71	-94.1	2.72
-61.78	-33.5	7.26
-32.64	-34.73	43.83
-.73	14.44	43.8
-11.28	12.49	60.81
-33.15	8.28	-5.5
-52.29	26.71	14.37
-30.04	58.94	2.49
-15.9	-76.78	-19.75

// Shen L, 1999: Spatial Recognition > Visual Recognition
// Subjects=9
50.34	-53.49	-13.54
32.59	-81.1	30.24
61.27	-24.54	29.63
-15.33	-64.27	59.49
18.87	-64.06	59.08
-11.1	-70.22	51.02
-1.7	-38.32	35.97
28.14	18.13	47.62
58.11	-11.98	40.88
-9.85	28.28	-24.17
-0.08	40.89	0.31
-15	12.62	-6.07

// Zago L, 2002: (Calculation - Digit Reading) and (NBack - 0Back)
// Subjects=6
20	-72	48
52	-38	48
34	-66	42
-20	-62	54
-22	-70	52
-34	-54	36

// Clark C R, 2000: Variable Target > Fixed Target
// Subjects=10
-38.97	-56.98	45.77
-34.75	-4.83	59.19
-37.16	31.86	38.3
44.42	-58.25	49.38
41.98	24.21	42.49

// Maquet P, 1996: Duration vs. Control
// Subjects=9
37.36	22.88	-1.95
48.63	-50.11	44.18
3.57	15.87	48.09
-43.72	-77.29	-23.85
-.93	-87.61	-23.47
-15.91	-92.27	-27.37

// Maquet P, 1996: Intensity vs. Control
// Subjects=9
35.23	22.86	-1.93
39.58	19.35	7.24
48.63	-50.11	44.18
35.85	-60.76	45.22
31.54	-69.93	37.12
1.43	17.97	47.94
-36.82	-59.08	45.92
41.82	-80.66	-20.09
39.56	-55.64	-26.62
-45.83	-74.85	-19.57
-.93	-87.61	-23.47

// Braver T S, 2001: Working Memory
// Subjects=28
-44.74	28.58	24.16
40.79	36.21	32.57
40.55	53.45	7.71
28.13	14.7	44.56

// Braver T S, 2001: Words
// Subjects=28
-48.03	14.59	8.64
66.39	9.45	14.45

// Braver T S, 2001: Faces
// Subjects=28
50.26	28.13	9.72
43.84	44.46	15.12
22.31	59.17	0.75
18.71	10.1	68.47

// Braver T S, 1997: Brain Areas Showing Monotonic Increases in Activity as a 
// Subjects=8
15.38	14.34	54.77
-43.57	28.56	37.53
40.74	43.36	28.63
-49.05	8.5	12.51
47.26	10.44	29.08
-33.13	22.8	3.32
-40.35	2.35	28.54
-48.78	2.44	44.24
-30.49	-.49	59.89
-26.1	-58.59	51.33
35.85	-54.16	48.02
20.5	4.31	20.98

// Callicott J H, 1999: Significant Increases in Activation as a Function of 
// Subjects=9
46.02	30.64	15.14
39.56	34.49	10.43
33.01	35.2	-7.4
31.34	20.26	47.4
22.88	14.55	56.9
35.69	10.06	52.67
-52.09	14.51	35.46
-50.14	27.95	16.47
-32.65	5.76	58.28
-6.93	4.48	67.01
-2.6	-1.49	71.92
1.61	6.65	66.73
18.29	-1.93	9.27
3.39	-16.82	10.69
9.69	4.02	4.41
48.47	-25.42	33.19
6.09	-57.11	67.56
-36.73	-55.94	59.04

// Carlson S, 1998: Two-Back vs. Zero-Back
// Subjects=7
41.85	28.39	27.64
-38.32	37.51	28.91
20.78	9.42	59.58
-23.13	20.19	51.38
3.62	16.38	54.74
-8.12	16.4	55.99
40.8	18.69	26.24
-44.72	21.18	24.78
37.28	58.29	1.77
-26.81	53.76	4
41.04	-.74	50.17
-45.59	0.08	41.06
4.93	-66.78	52.77
-2.57	-62.68	51.4
10.39	-54.54	72.88
-12.09	-60.65	64.72
32.67	-57.18	50.54
-35.72	-56.53	51.27
45.37	-49.67	36.38
-46.46	-52.79	45.5
28.31	-74.61	31.97
-21.95	-76.39	27.13
3.49	19.41	38.87
-1.81	16.55	43.63
7.93	-50.24	32.4
-3.88	-49.76	25.8
37.37	19.62	-2.8
-37.39	13.08	1.96

// Carlson S, 1998: One-Back vs. Zero-Back
// Subjects=7
16.49	10.28	57.33
-32.59	2.04	65.28
-7	0.54	57.3
-39.72	36.28	-14.46
13.64	53.43	-17.63
-26.89	58.36	-5.31
3.87	-49.18	60.23
-5.73	-54.52	60.79
21.04	-63.71	63.48
-14.35	-61.95	48.13
-31.46	-57.73	49.09
-57.1	-41.34	56.93
30.24	-85.54	0.53
-13.48	-81.51	15.19
9.47	34.71	-11.55
-7.69	55.93	-10.9
-6.99	-62.04	32.44

// Carlson S, 1998: Two-Back vs. One-Back
// Subjects=7
43.86	39.18	15.56
-35.15	45.99	28.17
27.09	18.29	49.85
-26.31	12.77	52.04
13.26	16.61	56.84
-10.33	29.96	52.64
57.66	27.31	-1.44
-52.22	21.94	21.46
13.7	58.43	-8.01
-12.89	61.76	9.86
54.89	5.43	46.15
-36.95	-3.24	52.39
10.24	-59.43	50.98
-6.8	-56.73	59.87
27.38	-56.7	57.25
-18.53	-58.74	62.41
32.59	-55.83	40.39
-37.91	-59.26	43.71
46.46	-46.15	40.53
-44.37	-54.35	38.92
37.81	-79.01	15.51
-27.27	-80.57	28.65
6.51	34.01	20.89
-2.86	10.11	43.07
31.03	14.89	5.48
-45.98	14.72	-3.66

// Druzgal T J, 2001: Working Memory Load
// Subjects=9
34	-4	55
30	-68	50
-4	11	45
-34	-79	35
-41	-8	35
-56	0	30
45	23	25
30	19	-5
-34	26	-10
-49	-64	-15
-4	-34	-20
-41	-56	-25

// Veltman D J, 2003: n-Back
// Subjects=22
-36	48	21
-48	24	30
-45	36	27
-51	12	9
54	15	36
45	36	36
54	12	18
-45	-39	51
-45	-54	-15
9	12	63
39	-57	-42

// Veltman D J, 2003: Sternberg and n-Back
// Subjects=22
-42	39	30
-42	12	33
-51	12	36
-45	36	27
-51	12	3
30	48	15
33	51	30
42	42	30
45	33	33
48	18	33
-45	-42	54
36	-48	51
-42	-51	-12
6	18	60
21	-57	-42
36	-54	-42
-24	-54	-39

// Veltman D J, 2003: n-Back > Sternberg
// Subjects=22
-51	9	36
36	42	42
54	9	18
-45	-39	51
36	-45	51
21	6	63
39	-57	-42

// Veltman D J, 2003: Sternberg > n-Back
// Subjects=22
-18	-63	30
15	-63	30

// Casey B J, 1998: Memory - Motor, Pooled Data
// Subjects=8
-11.95	61.53	-6.86
3.02	62.85	-4.91
-3.28	62.87	9.66
-39.34	30.36	32.87
48.37	21.88	39.26
-36.32	17.4	2.7
-55.15	-24.64	38.78
1.48	-41.9	30.65
-36.7	-42.39	69.05
27.28	-60.98	43.11
17.71	-65.01	46.9

// Casey B J, 1998: Motor - Rest, Pooled Data
// Subjects=8
-.87	37.19	35.2
4.5	36.34	37.44
2.47	8.92	40.88
-52.08	-3.98	30.32
48.52	-5.18	47.11
-3.72	-6.41	63.42
4.74	1.5	54.86
-16.35	-38.5	76.3
28.52	-31.8	76.34
5.58	-59.08	0.82
31.29	-86.76	-1.61

// Casey B J, 1998: Memory - Motor, Boston Site
// Subjects=5
-33.18	47.55	6.82
42.81	43.74	19.65
46.28	24.58	46.87
32.48	17.7	55.41
-43.78	33.02	12.62
-37.45	20.06	-4.2
0.37	21.39	51.01
26.23	-22.35	61.07
-49.7	-25.69	52.19
50.72	-28.69	45.71
-18.56	-53.54	60.86
43.41	-35.74	65.34
-3.64	-37.42	61.56

// Casey B J, 1998: Memory - Motor, Madison Site
// Subjects=5
40.64	43.39	15.25
34.57	8.48	46.12
-26.32	2.83	47.3
3.51	18.53	41.18
-.69	-42.26	26.25
13.41	-48.83	50.06

// Casey B J, 1998: Memory - Motor, Minnesota Site
// Subjects=6
-6.53	69.03	6.95
26.85	42.22	28.89
-23.23	37.83	45.44
10.39	28.86	-32.26
-23.29	24.02	32.1
28.06	24.93	39.24
19.24	-9.73	-9.05
-40.43	-11.63	12.98
-49.35	-23.19	-39.47
-5.73	-20.46	74.66
-66.27	-28.1	-18.79
2.52	-31.24	30.86
-49.16	-36.63	-20.51
19.43	-34.16	5.27
-22.72	-33.71	83.78
-14.77	-40.97	2.88
12.46	-43.15	68.55
53.92	-59.48	32.64
-31.03	-65.47	-37.25
19.33	-54.99	-16.41
-5.84	-74.38	37.92
19.7	-86.26	19.67

// Casey B J, 1998: Memory - Motor, Pittsburgh Site
// Subjects=8
-2.33	54.02	-8.57
12.02	47.81	47.54
-8.13	31.71	61.39
32.49	0.26	50.18
-32.71	21.62	56.95
39.62	43.89	21.91
32.09	12.61	3.43
-43.79	7.67	1.37
33.52	-1.3	43.61
-5.72	-48.89	64.78
14.64	-43.86	73.05
5.63	-50.82	11.28
48.6	-51.59	38.73
-59.35	-50.21	38.74
-36.67	-55.34	66.79
28.48	-57.49	60.65
60.04	-53.64	-2.49
-29.35	-76.64	38.38
-36.99	-80.6	15.38
-.55	-90.27	24.7
28.01	-90.89	-13.49

// Casey B J, 1998: Motor - Visual, Boston Site
// Subjects=5
-11.28	9.23	59.97
32.49	32.13	63.12
23.88	22.68	51.75
21.66	18.46	38.74
-21.9	-6.69	61.43
-33.56	-29.86	65.73
-12.66	-56.61	-6.98
37.49	-72.49	-24.07
41.9	-54.55	1.14
-.74	-71.29	8.61
24.78	-77.97	-11.2

// Casey B J, 1998: Motor - Visual, Madison Site
// Subjects=5
-17.64	4.25	64.92
-.56	-1.36	59.62
-37.98	-8.36	55.06
47.42	-19.71	38.3
41.22	-38.47	57.79
22.56	-50.32	-11.26
-26.6	-51.75	-11.69

// Casey B J, 1998: Motor - Visual, Minnesota Site
// Subjects=6
-36.22	58.04	32.74
27.55	26.31	-25.55
2.19	29.07	12.43
-65.19	14.86	-.1
-57.39	16.05	42.08
-40.22	14.72	50.92
-22.92	-8.39	67.16
-60.9	-17.86	-10.79
-39.95	-30.87	67.01
-31.89	-57.79	-6.66
-66.26	-76.25	-35.94
19.26	-59.02	-27.22

// Casey B J, 1998: Motor - Visual, Pittsburgh Site
// Subjects=8
1.97	50.96	-7.25
-24.57	41.59	11.68
18.01	28.08	-15.55
9.55	24.57	-5.12
-23.86	12.66	-46.12
-44.84	16.55	6.21
41.65	17.53	-2.67
-8.19	3.65	42.56
9.8	10.68	21.69
-33.7	-8.33	55.01
53.76	-9.44	32.91
-27.68	-2.46	6.49
24.62	-3.89	-2.91
3.32	-2.11	8.34
50.38	-22.26	5.03
53.82	-26.44	33.22
-43.22	-24.88	62.08
25.33	-29.45	79.52
66.36	-36.94	-7.31
-39.35	-38.91	4.11
-40.01	-41.32	55.62
-59.37	-51.53	35.51
35.84	-56.44	45.98
-20.48	-42.65	-45.98
45.88	-58.66	-38.71
2.15	-57.01	-27.19
-41.69	-67.47	-34.73
-11.17	-70.9	42.15
12.33	-78.59	36.95

// Cohen J D, 1994: Memory - Control
// Subjects=12
19.26	55.23	18.96
-29.9	42.88	14.98
34.22	47.66	16.08
-37.41	36.95	7.76
42.71	43.86	7.38
-2.17	43.5	6.81
4.32	25.74	10.45
-24.77	28.62	-18.45
28.61	43.75	-20.33

// Cohen J D, 1997: Load
// Subjects=10
40.74	37.81	25.75
8.75	35.05	34.16
-42.63	10.74	13.36
49.33	17.43	22.9
-36	6.49	40.41
35.73	12.69	59.14
14.58	-58.72	59.79
-41.15	-46.42	44.91
48.67	-53.02	47.77

// Cohen J D, 1997: Time
// Subjects=10
1.39	9.88	39.7
-29.97	19.04	-4.21
35.22	24.98	-2.11
-35.81	-10.21	58.54
-46.44	-20.67	61.77
69.7	-26.83	12.99
-19.79	-66.26	34.06
-8.76	68.07	-5.21
8.83	-61.89	5.48
-38.25	-62.77	-1.71

// Cohen J D, 1997: Load x Time
// Subjects=10
-44.69	11.58	24.47
1.37	21.77	42.04
50.59	10.6	44.65
-26.23	1.57	58.55
34.65	4.94	55.34
-46.65	0.25	43.29
-28.34	-38.85	45.24
41.11	-41.78	42.46

// D'Esposito M, 1998: Verbal Task, AA
// Subjects=8
-31.09	38.49	25.75
42.16	50.27	9.89

// D'Esposito M, 1998: Spatial Task, AA
// Subjects=8
-40.69	17.5	31.35

// D'Esposito M, 1998: Verbal Task, CA
// Subjects=8
41.9	51.59	-10.4

// D'Esposito M, 1998: Spatial Task, CA
// Subjects=8
33.27	52.73	-9.25

// D'Esposito M, 1998: Verbal Task, KH
// Subjects=8
41.2	31.43	15.13

// D'Esposito M, 1998: Spatial Task, KH
// Subjects=8
41.16	39.94	14.29

// D'Esposito M, 1998: Verbal Task, AM
// Subjects=8
-31.12	42.64	24.22

// D'Esposito M, 1998: Spatial Task, AM
// Subjects=8
-32.01	34.21	37.4

// D'Esposito M, 1998: Verbal Task, CM
// Subjects=8
-40.62	14.72	36.11
36.81	44.08	12.84

// D'Esposito M, 1998: Spatial Task, CM
// Subjects=8
-20.54	45.38	6.96
36.73	44.52	6.07

// D'Esposito M, 1998: Verbal Task, HT
// Subjects=8
-25.77	53.19	21.97
39.09	58.09	24.86

// D'Esposito M, 1998: Spatial Task, HT
// Subjects=8
43.5	54.37	30.75

// D'Esposito M, 1998: Verbal Task, RK
// Subjects=8
-25.7	35.11	23.75
37.13	17.98	32.22

// D'Esposito M, 1998: Spatial Task, RK
// Subjects=8
-25.77	34.59	18.2
16.37	54.51	22.24

// D'Esposito M, 1998: Verbal Task, DB
// Subjects=8
-36.73	46.49	8.25
33.64	45.65	18.34

// D'Esposito M, 1998: Spatial Task, DB
// Subjects=8
-32.35	49.15	13.51
36.88	45.66	18.28

// Hautzel H, 2002: Conjunction Analysis
// Subjects=17
-48	8	28
-48	32	20
-36	24	-8
28	0	60
32	60	4
28	8	48
32	24	-12
-36	60	0
0	20	36
-44	-44	40
8	-68	48
8	-68	48
8	-80	-28
-12	-80	-28
-36	-64	-48
32	-64	-36

// Hautzel H, 2002: Real Object WM vs. Spatial WM
// Subjects=17
-28	-92	-12
24	-92	-4
-4	-56	24

// Hautzel H, 2002: Spatial WM vs. Real Object WM
// Subjects=17
-12	-56	64
12	-60	60
-20	-64	0
-24	-72	-16
16	-60	0
24	-72	-16

// Hautzel H, 2002: Spatial WM vs. Shape WM
// Subjects=17
-20	-60	60
12	-60	60
-16	-60	-4
12	-64	0
44	-64	12
45	-52	0

// Hautzel H, 2002: Spatial WM vs. Verbal WM
// Subjects=17
-4	-56	52
-16	-84	36
32	-80	32
44	-68	12

// Hautzel H, 2002: Verbal WM vs. Spatial WM
// Subjects=17
12	-92	0

// Honey G D, 2000: Activation vs. Baseline
// Subjects=20
-35.81	-51.93	41.96
-44.72	21.1	23.67
38.42	52.38	7.83
1.44	13.74	48.29
-44.5	-1.85	43.44
35.74	-2.55	54.84
-19.8	-9.22	56.04
-36.15	-76.3	-11.75
-36.18	-67.84	-12.46
28.99	-73.17	-18.34

// Jonides J, 1997: 3-back minus Control, Activations
// Subjects=19
-26.28	1.06	51.91
-49.92	5	36.23
-20.8	-66.73	41.91
-35.83	-47.78	40.5
-45.75	11.66	25.59
-40.62	48.99	12.36
-67.19	0.9	12.24
-59.68	17.75	23.01
-26.72	14.03	-.48
-38.57	-46.39	-37.65
-34.34	-61.06	-48.74
29.3	4.73	53.19
33.7	-56.54	44.9
46.07	37.76	24.58
46.17	6.92	24.93
40.57	53.7	11.04
28.84	22.03	1.56
26.44	51.14	-20.93
38.52	-58.65	-24.13
28.72	-63.85	-49.23
-1.83	13.03	39.47
9.71	-12.18	1.3
2.19	-19.26	-6.94
4.41	-73.32	-18.04

// Jonides J, 1997: 2-back minus Control, Activations
// Subjects=19
-26.27	-1.06	52.08
-35.81	-49.73	42.89
-20.81	-63.56	41.65
-53.11	-4.71	34.85
-38.24	4.3	26.12
-40.43	-75.36	-12.9
-40.53	-58.78	-18.75
-38.64	-54.74	-49.22
31.44	7.03	55.2
39	-46.99	44.03
33.69	-58.83	42.86
48.22	35.66	24.73
45.94	56.19	15.23
14.02	-14.02	4.75
38.52	-58.65	-24.13
23.58	-66.14	-23.33
36.28	-55.29	-35.53
23.39	-63.71	-46.95
-1.83	13.03	39.47
-5.23	-16.5	1.84
4.32	-54.45	-21.85
0	-74.71	-35.72

// Jonides J, 1997: 1-back minus Control, Activations
// Subjects=19
-65.06	0.91	12.22
38.64	-67.22	-11.14
4.27	-45.11	-24.87

// Jonides J, 1997: 0-back minus Control, Activations
// Subjects=19
-30.98	9.78	-0.07
11.74	-37.49	-23.36

// Kim J J, 2002: Simple Pictures - Control
// Subjects=14
38	20	50
28	8	28
-20	20	28
-28	62	-6
58	-36	44
-52	-64	46
-46	-78	8

// Kim J J, 2002: Korean Words - Control
// Subjects=14
30	42	16
-6	4	62
-46	0	52
-60	-38	12
-30	-84	-6
36	-66	-30

// Kim J J, 2002: Conjunction, Korean Words and Simple Pictures
// Subjects=14
26	40	20
34	-72	-30

// Kim J J, 2002: Korean Words vs. Simple Pictures
// Subjects=14
-28	-86	-6
22	-92	-10

// Martinkauppi S, 2000: 3-Back vs. 1-Back
// Subjects=10
5.71	21.42	50.95
-2.77	20.91	58.89
27.12	13.09	51.4
-23.09	14.11	55.24
43.94	37.83	25.71
-42.58	40.91	32.02
42.05	19.44	49.58
-39.21	20.73	45.94
49.25	22.12	14.7
-45.87	22.52	14.64
32.97	55.63	-4.65
-35.37	56.88	3.84
45.19	3.46	35.27
-42.41	8.65	41.42
26.33	-65.25	56.86
-22.85	-65.88	53.02
39.12	-51.25	57.77
-35.76	-48.16	49.45
46.48	-46.95	43.94
-48.61	-47.43	46.19
8.1	-60.58	49.99
-4.65	-64.29	58.25
55.76	-46	0.26
-52.09	-52.48	8.74
46.17	-65.61	-4.67
-50.06	-57.98	-7.55
8.73	22.73	26.27
-2.97	21.06	33.23
6.86	-40.38	36.04
-.68	-43.23	27.45
37.43	20.3	6.07
-34.2	19.53	2.49

// Martinkauppi S, 2000: 2-Back vs. 1-Back
// Subjects=10
5.68	25.48	48.37
-1.74	28.24	57.15
25.05	8.31	58.51
-22.01	12	55.4
42.9	37.02	29.14
-42.56	30.17	30.69
38.82	17.05	46.47
-38.14	20.73	45.93
43.86	24.91	10.07
-45.88	24.55	13.36
23.35	56.63	-4.62
-24.65	56.14	7.12
45.24	-1.49	40.15
-40.25	0.12	40.99
22.05	-54.36	60.46
-20.7	-62.44	56.05
34.76	-48.88	47.59
-36.83	-49.22	49.55
44.36	-48.99	45.25
-40.03	-54.7	47.82
7.06	-56.99	55.28
-4.68	-62.43	54.75
53.63	-41.61	2.15
-49.97	-53.7	6.59
-47.95	-58.23	-10.9
9.7	34.91	18.54
-4.1	25.91	27.26
10.08	-42.39	37.29
40.63	5.98	-.57
-37.39	10.88	1.03

// Nystrom L E, 2000: Shapes > Letters
// Subjects=8
3.4	32.73	32.18
-42.09	-44	62.56
24.21	-73.89	55.38
51.32	37.91	12.24

// Nystrom L E, 2000: Letters > Shapes
// Subjects=8
7.82	16.69	44.63
-59.81	5.38	0.63

// Nystrom L E, 2000: Letters and Shapes Interactions
// Subjects=8
-44.57	2.92	36.35
0.14	31.05	24.55

// Nystrom L E, 2000: Locations > Letters
// Subjects=7
-24.18	10.58	51.08
-35.15	-49.6	-10.66
28.16	12.84	48.06
24.13	-60.49	49.8
53.51	17.57	10.57

// Nystrom L E, 2000: Locations and Letters Interactions
// Subjects=7
38.93	-34.56	39.65
38.4	28	-4.63
-5.07	20.33	37.78

// Nystrom L E, 2000: Locations > Shapes
// Subjects=10
13.5	-72.01	53.12
28.21	5.7	52.01

// Nystrom L E, 2000: Shapes > Locations
// Subjects=10
-38.38	21.51	14.64

// Nystrom L E, 2000: Shapes and Locations Interactions
// Subjects=10
14.07	28.22	27.98
51.52	16.9	29.61
33.48	9.27	42.72
-38.27	14.96	26.34

// Owen A M, 1999: Spatial Manipulation - Visuomotor Control
// Subjects=5
34	34	24
38	14	0
32	0	48
22	-64	52

// Owen A M, 1999: Spatial Manipulation - Spatial Span
// Subjects=5
38	42	20
32	36	24

// Rama P, 2001: Two-Back vs. Zero-Back
// Subjects=8
30.93	61.05	10.53
-18.3	53.38	-1.64
48.15	22.91	11.3
-44.8	19.18	12.68
35.38	39.81	24.53
-38.33	31.97	26.03
38.84	12.82	46.83
-36.01	19.52	43.78
22.9	15.87	60.14
-17.78	22.51	53.35
6.87	15.77	60.33
-2.75	7.97	56.63
37.89	-9.05	53.13
-34.87	19.24	53.83
45.33	-15.95	45.82
-44.35	-44.24	45.87
35.86	-62.87	45.4
-33.68	-63	36.17
18.89	-71.55	58.59
-16.41	-70.96	55.6
8.13	-62.44	53.49
-6.79	-72.05	54.47
55.74	-61.66	-9.57
-58.7	-49.03	-14.89
53.59	-41.96	-2.28
-50.01	-49.72	2.91
32.55	-82.67	23.68
-31.69	-75.54	11.55
32.21	-65.23	-12.35
-7.23	-66.73	-.62
5.78	-82.2	18.37
-6.98	-82.73	26.37

// Rama P, 2001: One-Back vs. Zero-Back
// Subjects=8
30.79	46.39	-13.89
-4.38	68.07	8.12
-45.85	16.09	14.07
40.8	20.89	27.17
-43.68	36.25	26.85
24.87	43.83	49.96
-38.14	10.87	42.3
20.71	23	56.22
-7.06	15.26	54.95
3.59	19.38	52.26
-1.68	13.43	58.39
-41.26	-10.29	44.11
-45.41	-40.9	47.84
37.89	-39.77	41.21
-32.64	-53.4	36.47
19.9	-74.26	51
-21.85	-63.22	46.09
12.49	-68.16	61.73
-54.58	-30.83	-27.62
-41.66	-10	-7.21
31.53	-78.82	32.29
22.63	-84.67	-15.07
-38.48	-56.37	-29.01
-5.93	-81.84	24.05

// Smith E E, 1996: Verbal 3-Back - Control
// Subjects=30
-37.94	-47.46	44.96
-40.48	37.24	25.62
-38.47	49.17	14.55
-38.66	59.26	-6.36
12.41	-62.42	53.44
38.52	46.89	19.44

// Smith E E, 1996: Spatial 3-Back - Control
// Subjects=30
-11.26	5	60.32
-18.55	-65.52	57.4
-45.4	-44.07	48.1
-26.17	-51.61	45.17
-34.19	49.2	14.5
14.57	-62.15	56.74
33.51	8.56	47.24
46.48	-46.95	43.94
38.61	33.48	25.02

// Smith E E, 1996: Verbal 2-Back - Control
// Subjects=30
-4.9	8.93	55.46
-28.42	6.5	53.7
-16.48	-58.53	51.21
-33.69	-44.43	42.42
-43.69	20.76	19.23
-31.16	-54.69	-49.31
-26.85	-74.13	-53.3
-29.03	-69.02	-55.94
27.14	8.95	52.86
29.49	-52.54	55.76
14.54	-62.4	53.41
2.19	-68.64	-26.22
26.6	-68.09	-48.85
4.57	17.3	39.04

// Awh E, 1996: 2-Back - Search Control
// Subjects=9
-33.69	-44.43	42.42
-16.48	-58.53	51.21
-43.69	20.76	19.23
-28.42	6.5	53.7
-26.85	-74.13	-53.3
-4.9	8.93	55.46
14.54	-62.4	53.41
29.49	-52.54	55.76
27.14	8.95	52.86
2.19	-68.64	-26.22
36.37	-64.21	-26.98
-1.84	17.26	39.11

// Awh E, 1996: 2-Back - Rehearsal Control
// Subjects=9
-16.5	-58.7	49
-28.43	6.33	51.49
-1.83	19.64	42.26
29.46	-56.14	50.49
14.54	-62.4	53.41
29.26	8.79	50.62
4.37	-16.62	-.49
4.32	-66.51	-26.42
30.92	-65.35	-41.32

// Kim J J, 2003: 2-Back - Control, Normals
// Subjects=12
38	20	50
-28	62	-4
6	32	36
-24	-60	52
60	-38	44
-52	-62	48
-22	10	-4
-46	-82	-38

// Ragland J D, 2002: Letter 1Back - 0Back
// Subjects=11
39.59	26.03	11.14
39.71	22.83	24.79
31.32	-1.91	35.88
40.01	-39.93	38.97
-32.59	-48.48	44.98
-45.46	-35.87	44.07

// Ragland J D, 2002: Fractal 1Back - 0Back
// Subjects=11
-24.39	-56.43	-3.52
-41.57	30.46	20.62
-28.49	-1.93	41.03
39.9	-1.52	40.21
-36.8	-56.62	50.17

// Ragland J D, 2002: Letter 2Back - 0Back
// Subjects=11
39.48	20.43	-6.23
52.6	-51.05	4.07
39.37	58.84	-4.99
48.19	39.8	23.27
-50.2	16.35	4.06
48.59	-39.53	43.3
-53.99	-40.15	44.53

// Ragland J D, 2002: Fractal 2Back - 0Back
// Subjects=11
-24.62	24.62	-1.39
35.22	24.98	-2.11
-33.22	46.06	1.37
43.9	35.2	19.24
-41.57	30.46	20.62
-45.7	9.97	31.31
1.31	32.09	37.83
44.35	-48.02	44.06
-28.3	-52.68	45.28

// Ragland J D, 2002: 2Back - 0Back, Letter - Fractal
// Subjects=11
35.32	43.61	18.63

// Ragland J D, 2002: Letter 2Back - 1Back
// Subjects=11
30.96	29.53	2.02
-50.2	16.35	4.06
39.53	51.75	13.44
-37.3	30.49	20.57
-45.67	10.31	35.74
44.13	11.2	39.09
-11.57	-8.11	14.59
5.56	27.54	33.71
48.61	-43.76	43.65
-24.01	-56.89	45.59

// Ragland J D, 2002: Fractal 2Back - 1Back
// Subjects=11
-33.18	46.4	5.8
48.18	35.23	19.19
44.03	27.77	33.24
-45.68	5.74	31.66
-3	31.72	33.45
-32.57	-52.71	45.33

// Schumacher E H, 1996: Visual Memory - Control, Increases
// Subjects=8
-26.26	6.68	55.89
-6.85	-66.05	49.5
-28.27	-59.03	45.82
-47.78	-.44	34.44
-50.1	20.72	19.3
-45.97	48.95	12.43
-53.39	12.19	5.56
33.5	10.67	47.07
14.55	-65.58	53.68
43.23	-44.14	39.28
31.02	-62.12	-27.09
2.42	19.4	38.89

// Schumacher E H, 1996: Auditory Memory - Control, Increases
// Subjects=8
-24.2	5.93	45.9
-26.09	-60.7	51.51
-40.12	-40.24	42.15
-43.6	13.96	27.6
-47.97	30.51	21.8
-59.72	7.46	13.84
-50.23	21.55	2.51
31.41	11.09	52.63
17.72	-60.44	50.98
43.29	-49.08	44.16
19.3	-64.05	-23.45
-7.13	13.43	45.07
-5.27	-73.97	-25.68

// Schumacher E H, 1996: Double Subtraction, Auditory - Visual
// Subjects=8
-53.51	28.51	-3.61

// Schumacher E H, 1996: Visual - Auditory Memory
// Subjects=8
-26.35	-93.11	4.04
29.2	-88.54	3.02

// Schumacher E H, 1996: Auditory - Visual Memory
// Subjects=8
-50.05	-33.69	3.79
-55.69	32.38	-8.37
-53.37	-17.31	-4.23
69.5	-12.34	-6.06

// Schumacher E H, 1996: Visual - Auditory Control
// Subjects=8
-28.48	-95.24	4.25
31.25	-91.59	-9.01

// Schumacher E H, 1996: Auditory - Visual Control
// Subjects=8
-28.95	30.6	-6.3
-55.51	-17.32	-4.21
71.68	-28.36	-6.97

// Zurowski B, 2002: Main Effect of Working Memory
// Subjects=8
-24	0	51
30	3	54
-42	36	33
45	33	33
-27	-66	33
30	-66	48
0	-69	48
45	-42	36

// Zurowski B, 2002: Main Effect of Phonological Processing
// Subjects=8
-45	3	21
-36	36	12
-15	-72	-12

// Honey G D, 1999: Working Memory, Normals
// Subjects=10
-39.01	-51.95	42
35.83	-63.13	42.08
-44.58	7.23	37.1
38.43	49.2	8.09
-36.32	21.81	4.56
-1.76	13.72	48.33
-44.54	7.66	42.64
-41.21	-9.78	50.76
19.43	-79.14	-12.15
-33	-71.42	-17.77
35.73	-.43	54.66
-41.5	-73.16	-11.95

// Honey G D, 2002: Working Memory Task, Normals
// Subjects=20
-35.81	-51.93	41.96
-44.72	21.1	23.67
38.42	52.38	7.83
1.44	13.74	48.29
-44.5	-1.85	43.44
35.74	-2.55	54.84
-19.8	-9.22	56.04
-36.15	-76.3	-11.75
-36.18	-67.84	-12.46
28.99	-73.17	-18.34

// Walter H, 2003: Verbal vs. Spatial, Normals
// Subjects=15
-45	15	18
-57	33	0
-27	0	-15
-27	-90	-15
36	-87	-9

// Walter H, 2003: Spatial vs. Verbal, Normals
// Subjects=15
27	30	39
12	-63	48
39	-72	9

// Wykes T, 2002: Cerebral Changes in Normals Who Improved On Memory Measures
// Subjects=6
43.75	16.06	-8.15
-54.58	8.69	-11.98
10.9	-44.96	4.04
19.59	-70.91	11.69
4.55	-59.8	5.36

// Honey G D, 2003: Working Memory, Normals
// Subjects=27
-43.24	-53.66	47.77
-44.58	7.23	37.1
41.64	47.11	8.23
-33.16	21.4	-1.02
56.76	18.02	16.07
4.65	13.76	48.25
-44.51	1.32	43.17
-39.36	-73.15	-11.98
35.42	-67.41	-13.32
-11.58	-82.93	-17.05
32.17	-67.86	-18.82

// LaBar K S, 1999: Working Memory and Spatial Attention
// Subjects=11
24	-60	60
45	-45	51
-21	-60	48
-42	-48	45
54	12	30
-54	15	27
-42	3	33
0	12	45
-27	-3	45
36	6	48
51	3	42
-12	-9	15
-9	-3	9
15	-3	15
-30	-66	-39
-39	-57	-39
48	-57	-33
36	-66	-36
36	-75	-36
3	-51	-24
-48	-63	-6
-45	-54	-12
-60	-42	6
-54	-57	-6
42	21	-6
-54	15	-6

// LaBar K S, 1999: Working Memory
// Subjects=11
33	15	48
30	6	54
-27	9	54
-21	18	54
-39	15	27
3	-63	45
45	-60	33
39	-60	-45

// Tagamets M A, 2000: Words vs. Shapes
// Subjects=11
-10	-100	-6
-14	-98	-8
-20	-94	-12
-38	-90	-2
-40	-86	-8
-32	-84	-16
-42	-74	-18
-46	-70	-16
-46	-56	-22
-58	-40	-6
-56	-56	-12
-34	22	-28
-48	36	-14
-46	28	16
-50	28	16
36	-96	0
22	-90	-16
24	-88	-18

// Tagamets M A, 2000: Pseudowords vs. Shapes
// Subjects=11
-10	-100	-6
-34	-96	0
-24	-86	-16
-44	-72	-18
-42	-70	-20
-46	-52	-22
-34	-92	8
-48	30	-14
-52	32	-8
-46	48	2
38	-96	-4
16	-94	-10
16	-100	-6
14	-98	-8
22	-88	-18
44	-72	-16
44	-44	-24
44	-68	-24
-54	30	16
-52	32	10

// Tagamets M A, 2000: Letter Strings vs. Shapes
// Subjects=11
-12	-100	-8
-16	-98	-10
-20	-96	-10
-38	-90	-2
-38	-84	-12
-26	-84	-16
-44	-66	-18
-44	-62	-20
-46	-54	-22
-38	-48	-24
-34	-94	12
-30	-90	30
-38	-88	20
-32	-70	30
-24	-70	46
-26	-68	56
-52	42	8
38	-96	-2
18	-98	-6
14	-102	0
42	-92	6
24	-86	-20
22	-88	-16
40	-74	-18
42	-42	-26
46	-76	-8
26	-100	12
28	-98	14
32	-96	14
34	-94	16
30	-82	30

// Tagamets M A, 2000: False Fonts vs. Shapes
// Subjects=11
-18	-96	-10
-40	-88	0
-36	-84	-12
-32	-82	-14
-42	-68	-20
-44	-70	-16
-46	-70	-12
-44	-56	-22
-30	-90	28
-26	-70	36
-18	-72	54
-42	-50	54
-40	-52	56
-40	-54	60
-52	26	30
38	-94	0
20	-92	-12
12	-100	2
10	-98	0
26	-84	-18
46	-58	-20
46	-54	-22
40	-50	-22
40	-44	-26
38	-80	20
32	-76	32
28	-72	52
38	-54	58
48	-46	56
52	-42	56
50	-76	-2
52	-68	-10
50	-64	-12
44	46	-16
36	26	-12
42	50	6
44	48	20
42	6	58

// Xu B, 2001: Pseudowords - Color Matching Letters, Group
// Subjects=6
32	-68	-20
-48	-54	-14
-44	4	28
-34	-50	38

// Xu B, 2001: Pseudowords - Color Matching Letters, Males
// Subjects=6
12	-72	-38
-48	-74	-10
-42	4	30

// Xu B, 2001: Pseudowords - Color Matching Letters, Females
// Subjects=6
-8	14	50
-46	-54	-18
-42	2	28

// Xu B, 2001: Real Words - Color Matching Letters, Group
// Subjects=6
10	-72	-34
-48	-40	0
-44	-56	-16
-42	4	30

// Xu B, 2001: Real Words - Color Matching Letters, Males
// Subjects=6
2	-68	-38
-42	4	32

// Xu B, 2001: Real Words - Color Matching Letters, Females
// Subjects=6
-6	12	56
-42	-56	-16
-56	12	20
-46	-34	-2

// Xu B, 2001: Alternate Case Rhyming - Color Matching Letters, Group
// Subjects=6
4	-72	-36
-46	-34	-2
-42	-66	-16
-42	4	30

// Xu B, 2001: Alternate Case Rhyming - Color Matching Letters, Males
// Subjects=6
10	-70	-22
-32	-86	-18
-42	4	30

// Xu B, 2001: Alternate Case Rhyming - Color Matching Letters, Females
// Subjects=6
6	-72	-28
-6	10	56
-46	-34	-2
-36	-62	-14
-42	2	28

// Xu B, 2001: Pseudowords - Real Words, Group
// Subjects=6
10	-72	-46
-46	-66	-10
32	-76	-14
-52	10	12
-50	-4	46
-38	-48	50

// Xu B, 2001: Pseudowords - Alternate Case Rhyming, Group
// Subjects=6
-48	-52	-30
26	-64	-26
-44	-44	-10
34	-76	-14
32	-76	20
-58	6	14

// Xu B, 2001: Alternate Case Rhyming - Real Words, Group
// Subjects=6
-28	-82	-14
-42	-88	-6

// MacDonald III A W, 2005: Non-Target vs. Target, Normals
// Subjects=28
-27.69	57.92	30.42
46.1	27.01	23.25
-41.49	18.11	26.12
47.41	11.99	49.03

// MacDonald III A W, 2005: Long vs. Short Delay, Normals
// Subjects=28
-41.43	14.31	32.01

// MacDonald III A W, 2003: Main Effect of Scan, Normals
// Subjects=17
-42.31	-17.79	43.63
58.08	-18.84	34.76
43.01	13.93	33.3
38.44	25.17	0.07
-29.96	16.93	-4.03
17.18	-12.31	-1

// MacDonald III A W, 2003: Cue by Scan Interaction, Normals
// Subjects=17
5.74	-50.76	25.77

// Drobyshevsky A, 2006: Working Memory
// Subjects=31
-48.02	14.68	9.75
51.35	16.24	7.36
-32.7	1.99	50.79
37.85	4.87	54.19
-29.98	57.34	9.31
37.3	62.86	5.85
2.56	10.92	52.98
-23.97	-62	48.25
22.01	-66.84	50.35
-37.94	-53	42.08
43.29	-50.14	44.25

// Mendrek A, 2004: 2-Back > 0-Back, Pilot Study
// Subjects=11
-48	34	20
52	34	20
-38	-60	-25
34	-60	-30
-12	-6	10
16	-4	10

// Mendrek A, 2004: 2-Back vs. 0-Back, Controls, Pre-Treatment
// Subjects=8
36	-48	40
48	8	32
-40	-52	44
-24	-4	52
-40	-60	-40
-16	-4	4
24	-64	-40
8	-24	8

// Mendrek A, 2004: 0-Back vs. Rest, Controls, Pre-Treatment
// Subjects=8
-8	-8	56
8	-8	64

// Mendrek A, 2004: 2-Back vs. 0-Back, Controls, Post-Treatment
// Subjects=8
-28	-68	44
36	-64	44
-20	-4	52
-32	-56	-40
32	-4	56
40	-68	-36
-8	-24	12
8	-20	16

// Mendrek A, 2004: 0-Back vs. Rest, Controls, Post-Treatment
// Subjects=8
-8	-8	60
8	-4	64

// Menon V, 2001: Average Group Activation For Controls
// Subjects=13
56	24	34
56	28	34
-58	24	2
60	22	20
-46	-58	42
50	-58	42
-32	-58	54
34	-76	44
-4	24	34
2	22	24

// Perlstein W M, 2003: N-Back Load Main Effect, Normals
// Subjects=15
36.77	6.89	52.92
6.7	19.43	38.83
43.86	41.38	16.49
-38.42	41.94	17.39
48.15	18.51	9.44
-40.52	18.15	12.72
47.54	-53.63	40.03
-35.8	-50.79	42.98
2.19	15.95	7.95

// Yoo S S, 2005: Working Memory, Normals
// Subjects=10
4	31	44
6	14	48
26	14	38
48	15	18
-44	11	31
30	14	53
-32	8	51
12	26	23
34	-56	42
-34	-56	51
24	-91	3
-18	-97	3
48	-57	-16
-40	-51	-14
24	6	-4
-22	8	-4
36	21	-9
-30	27	-6
39	-57	-22
-38	-57	-21
2	-58	-29
0	-58	-31

// Monks P J, 2004: 2-Back vs. Baseline, Controls
// Subjects=12
17.45	4.86	42.16
-25.09	-59.27	42.45
-10.24	-5.36	50.03
-51.98	-13.96	38.96
57.96	-3.67	24.57
40.03	-55.16	34.67
46.97	11.85	-7.83
-44.97	10.87	-12.27
-2.85	-45.78	22.11
-41.14	-18.87	57.09
-37.22	13.74	24.2
39.94	-68.16	17.92
12.53	53	-23.15
-41.36	4.08	37.33
5.72	12.71	48.33
12.44	39.99	-39.91
54.85	-5.92	37.06

// Harvey P O, 2005: n-Back vs. 0-Back, Healthy Subjects
// Subjects=10
-33	-45	42
-12	-69	48
15	-60	42
51	-30	36
42	-63	36
9	39	33
-45	18	21
-39	45	6
39	45	9
48	39	24

// Mendrek A, 2005: Activations, 2-Back vs. 0-Back, Normals
// Subjects=12
-44	-4	36
44	28	24
32	-4	60
-40	48	20
40	-56	48
36	-68	40
-32	-72	44
-40	-52	44
-36	-60	-40
40	-64	-36
4	-16	12
-8	-20	12

// Meisenzahl E M, 2006: 2-Back vs. Fixation, Normals
// Subjects=12
-52.11	22.67	-16.03
-47.96	-39.44	42.72
-43.49	-40.51	53.95
53.17	15.73	18.73
56.26	26.61	8.63
-11.74	-9.25	7.73
-9.65	4.48	5.22
7.64	-18.42	0.47
-41.78	5.38	28.09
37.46	22.26	-25.36
-48.39	28.44	22.56
51.47	-37.72	44.21
-66.53	-38.83	27.28
36.54	-57.15	55.35
-37.95	52.04	-1.24
-35.66	47.56	8.12
-43.82	16.09	39.39
-1.02	41.61	11.48
-27.22	23.07	-13.13
3.46	38.41	22.93

// Meisenzahl E M, 2006: 2-Back Degraded vs. Fixation, Normals
// Subjects=12
-34.8	-48.89	55.75
-47.85	-38.61	51.6
-31.56	27.31	-13.47
-51.07	24.59	-18.48
-28.68	22.83	41.83
-43.88	15.67	34.95
50.94	27.21	15.39
34.27	-55.75	47.41
42.85	-49.65	43.3
-5.31	37.44	13.09
-3.07	24.89	16.54
7.98	-25.7	25.84
39.73	20.87	-17.41
9.96	33.11	23.34
-11.79	-3.07	4.88
7.63	-11.93	0.95
-44.33	18.83	-0.09
33.14	49.56	-20.14
-2.66	21.42	48.25
-11.04	-66.34	51.47
58.25	18.78	-6.32
-56.19	19	2.34
-2.84	29.96	36.2

// Tan H Y, 2006: High-Performing Normals vs. Low-Performing Normals, Working 
// Subjects=12
44	23	27

// Allen P P, 2006: 2-Back > 0-Back, Sham Depletion
// Subjects=10
47.52	-46.14	40.52
-41.57	34.86	22.48
43.92	35.37	21.46
-25.02	-66.24	48.61
0.36	16.91	48.04
5.58	24.45	35.08

// Koshino H, 2008: Working Memory vs. Fixation, Controls
// Subjects=11
-34	54	14
-32	2	58
38	24	-12
-2	20	50
-8	-6	62
-36	4	30
6	10	26
-32	-58	42
36	-64	42
58	-44	8
-44	-62	-24
42	-50	-26
-34	-88	-6
-24	6	-14
20	-12	8

// Pfefferbaum A, 2001: 2-Back > Match-to-Center, Controls
// Subjects=10
-33.53	33.32	19.92
-49.88	20.96	22.99
-36.21	40.16	5.95
-37.41	33.21	12.04
-30.7	-47.19	55.29
-32.19	-67.05	53.13
-6.14	-57.03	72.77
-14.39	-55.81	70.1
-13.77	-65.6	57.27
10.55	-40.17	54.68
-37.77	5.84	45.46
-37.91	18.76	37.79
-33.91	14.31	45.11
-19.85	19.57	55.78
13.5	60.65	-7.23
5.42	32.77	31.41
44.43	-61.16	46.43
44.04	-51.25	51.39
56.13	-37.56	53.64
14.68	-57.52	69.77
34.94	-40.18	69.28
51.5	27.47	16.92
28.09	28.3	37.41
55.46	38.03	16.03
32.34	13.53	45.74
59.92	25.17	16
55.5	25.49	25.45
48.59	-72.3	-10.92

// Pfefferbaum A, 2001: 2-Back > Rest, Controls
// Subjects=10
-37.97	-55.53	-24.33
-40.78	26.51	0.32
-27.99	22.97	11.1
-25.28	2.29	7.94
-16.35	15.42	-9.42
-18.5	6.21	-2.2
-1.44	-47.91	-22.9
37.82	8.3	59.5
-41.46	42.41	9.63
33.53	15.9	54.9
66.62	19.07	31.95
28.53	-59.71	62.8
43.9	-59.07	56.2
48	-52.62	-10.51

// van der Wee N J A, 2003: 1 + 2 + 3-Back vs. 0-Back, Normals
// Subjects=11
1	24	47
47	41	19
33	13	54
-36	8	58
29	-66	54
-47	-52	51

// Matsuo K, 2007: 1-back > 0-back, Normals
// Subjects=15
-30	0	46
-44	18	20
-24	10	44
44	54	6

// Matsuo K, 2007: 2-back > 0-back, Normals
// Subjects=15
44	34	20
-26	0	44

// Koch K, 2007: [2-Back Negative - 0-Back Negative] vs. [2-Back Neutral - 
// Subjects=21
-26	30	36
34	10	28
-40	-22	62
-42	-10	62
12	38	28
-14	12	40
18	-10	40
16	14	42
-28	-46	6
42	-64	10
-34	-24	40
-26	-44	58
-32	-46	38
30	-40	44
12	-48	46
24	-80	36
-8	-56	-26
20	-26	14
36	-24	24
-4	6	16

// Vandewalle G, 2007: Light Condition Effects During the Performance of the 
// Subjects=15
-44	42	30
-18	-24	10
-6	-38	-20
6	-30	-16

// Vandewalle G, 2007: Light Condition Effects at Light Onset, Blue Light > 
// Subjects=15
-28	-38	2
-16	-24	18
16	-4	-18

// Vandewalle G, 2007: Light Condition Effects at Light Onset, Violet Light > 
// Subjects=15
-22	-22	-10

// Simmons W K, 2005: Foods > Locations
// Subjects=9
36	-6	9
-21	33	-18
-18	45	-6
48	-45	-12
48	-66	-9
-48	-60	-18

// Simmons W K, 2005: Locations > Foods
// Subjects=9
-21	-39	-12
27	-42	-15

// Koppelstaetter F, 2008: 2 Back - 0 Back, Placebo
// Subjects=15
-2.94	23.6	38.59
-41.65	36.21	12.33
-28.47	11.45	48.83
-28.24	-58.69	50.25
-49.69	-34.32	50.68
-6.84	-58.3	53.31
-15.61	-96.84	9.81
-33.07	-67.71	-24.77
5.61	23.65	38.49
52.37	32.2	7.13
31.35	7.23	44.03
27.29	-58.7	45.15
52.86	-38.54	42.05
23.09	-62.35	53.31
22.86	-96.61	9.35
30.99	-69.07	-34.32

// Dohnel K, 2008: Neutral vs. Positive n-back, Normals
// Subjects=16
-14	-74	35

// Sanchez-Carrion R, 2008: 2-Back > 0-Back, Healthy Controls
// Subjects=14
24	4	62
-4	6	60
-52	12	26
-34	24	2
-36	44	24
-40	50	8
34	22	4
-42	-46	46
-22	-66	42
-32	-56	48
40	-54	52
44	-46	44
16	-68	56
8	-76	-26
32	-56	-38
-34	-56	-38

// Sanchez-Carrion R, 2008: 3-Back > 0-Back, Healthy Controls
// Subjects=14
-52	10	24
-30	-2	46
-32	-2	56
24	2	62
4	20	44
-34	26	6
42	32	34
40	46	20
52	10	30
-42	50	10
-34	42	20
34	22	4
-20	-68	40
-38	-48	44
44	-46	46
34	-74	36
14	-82	-26
38	-66	-32

// Leibenluft E, 2004: Own Child vs. Familiar Children
// Subjects=7
9.57	61.09	13
-4.22	51.03	21.81
-7.18	13.97	38.34
-33.97	2.13	25.14
15.39	23.14	58.5
-20.93	20.89	60.22
49.27	28.89	19.71
-41.26	9.51	52.48
-29.55	22.27	51.28
49.27	28.89	19.71
-37.11	26.91	43.17
-42.8	31.03	0.51
-4.61	59.07	-25.7
-56.16	-67.97	29.04
65.29	-2.96	5.47
56.58	-12.39	-19.29
-60.79	-27.75	-1.04
62.07	-45.94	-13.2
2.54	-50.78	25.81
10.06	-68.97	23.9
-49.74	-46.98	38.36
31.43	-68.84	23.65
50.2	-23.09	-19.44
-44.7	-79.7	-13.6
25.55	-7.46	-21.58
-42.92	29.74	-16.11
19.32	13.05	10.23
30.12	-29.7	7
-16.97	-17.46	4.28
-13.74	-5.12	12.13
-7.37	-10.97	4.74
24.6	-5.12	-5.04
-15	-.58	-11.65
15	6	1.95
37.4	-61.37	-31.69
-36.37	-62.15	-35.24

// Leibenluft E, 2004: Familiar Children vs. Unfamiliar Children
// Subjects=7
-2.28	53.39	-2.94
4.11	46.66	-8.03
6.64	27.63	34.8
18.36	30.62	31.07
36.32	53.85	13.3
-41.74	49.61	6.75
-29.91	52.65	17.51
46.15	30.87	31.85
36.24	33.27	-5.04
57.77	25.17	12.12
-52.37	18.28	1.69
-21.61	52.25	-16.01
-48.66	-63.27	34.14
66.33	-41.68	-13.6
-10.33	-53.57	18.39
66.4	34.88	26.82
-42.42	-27.7	25.51
34.73	-49.22	43.15
-39.98	-54.18	54.47
66.63	-26.45	31.96
-42.43	-26.65	25.42
46.44	-91.3	20.9
-22.18	-80.99	-4.83
42.86	-62.25	-16.07
-21.53	-6.22	-28.95
40.64	14.86	4.26
-40.62	18.27	0.44
27.96	-28.82	4.72
-12.68	-6.35	9.99
23.75	-.7	24.71
28.89	-56.59	-24.19
19.19	-58.56	-35.06
2.06	-56.89	-39.47
-34.15	-55.83	-22.41
-17.08	-51.58	-24.08
-8.53	-71.33	-32.56

// Leibenluft E, 2004: Unfamiliar Children vs. Unfamiliar Adults
// Subjects=7
-6.66	72.06	-8.92
54.41	39.98	-2.47
-20.57	50.94	-19.26
-16.19	0.41	-26.22
48.55	-56.42	31.33
-52.23	-38.53	-3.58
-17.75	-57.33	25.48
65.58	-31.83	31.3
33.65	-84.43	28.28
25.22	-54.77	54.88
-29.45	-79.87	24.16
-40.5	-65.04	-17.11
-44.95	-5.42	-16.48
23.62	-18.53	0.56

// Leibenluft E, 2004: (Own Child vs. Familiar Children) + (Familiar Children 
// Subjects=7
9.57	63.29	13.93
-4.24	53.06	20.53
-48.66	-63.27	34.14
2.54	-50.78	25.81
-38.57	19.54	-10.84
27.14	-67.98	21.4
30.1	-29.87	4.78

// Ricciardi E, 2006: Tactile, 1-Back vs. Rest
// Subjects=6
23.35	58.83	-3.69
13.66	78.95	-4.15
-21.52	53.19	-3.82
2.42	31.46	43.45
1.49	9.85	53.08
-25.07	-.83	68.78
-.5	-9.57	63.65
37.84	3.64	52.07
33.3	43.65	33.15
40.6	49.56	12.5
44.6	61.02	-18.62
-46.92	41.35	24.23
-25.71	69.42	13.82
-2.03	19.78	16.6
53.58	8.4	15.8
40.42	36.67	-16.53
-54.29	12.84	27.82
-43.98	53.94	-5.86
44.84	18.43	-5.01
-35.24	27.44	8.53
-39.44	2.92	8.41
39.05	-14.62	63.62
-36.79	-19.21	65.99
58.07	-19.01	32.55
-15.34	-30.38	71.14
-54.1	-18.2	39.34
9.3	-30.6	79.8
57.1	-40.97	37.74
-57.47	-22.13	16.29
18.81	-65.72	51.41
23.96	-72.15	22.9
6.05	-48.74	65.75
-20.81	-81.07	35.31
-7.82	-82.63	55.37
27.43	-48.52	66.6
-24.97	-63.53	56.19
-43.82	-21.28	-15.16
50.48	-64.1	0.73
46.91	-11.9	-25.91
-54.31	-59.95	-5.11
-42.31	-77.03	20.72
64.2	-8.69	0.38
41.45	18.73	-28.42
-50.35	18.15	-13.93
50.31	-46.09	-14.16
-41.62	-44.7	-15.45
20.67	-104.89	-1.09
-12.56	-88.59	-7.65
-22.13	-71.68	5.54
-28.46	-104.92	2.83
1.48	-92.43	10.36
0.51	-80.4	28.32
-42.29	-80.2	20.99
16.2	-22.38	6.54
-9.47	-22.7	4.64
10.82	1.45	12.41
-12.67	-1.77	14.07
16.95	-49.75	-44.7
37.53	-66.6	-16.76
20.43	-54.64	-11.99
-20.27	-44.83	-19.03
-37.47	-57.05	-37.89

// Ricciardi E, 2006: Visual, 1-Back vs. Rest
// Subjects=6
8.05	12.49	72.86
0.39	14.96	50.43
32.55	-.19	58.03
46.1	33.61	26.04
52.64	9.76	33.54
37.25	54.68	-3.51
-46.11	54.1	-3.61
-35.92	-3.66	46.84
-53.16	11.24	34.63
-35.25	44.96	14.87
9.52	38.57	-2.95
-8.53	29.72	8.04
-16.23	52.71	-10.53
6.6	29.4	30.19
55.82	12.78	31.02
43.63	35.63	-16.48
-52.48	19.28	-12.89
-57.49	13.87	27.77
-29.89	22.1	7.8
58.79	11.46	-.13
-50.19	12.12	4.41
5.96	-22.13	65.75
42.15	-17.91	48.25
-58.54	-21	17.32
16.77	-74.65	59.99
30.38	-72.02	23.93
2.86	-57.3	65.39
-5.73	-83.04	49.8
-22.84	-63.51	56.17
34.78	-43.25	51.57
55.96	-27.49	33.28
-38.95	-44.75	52.55
43.03	-73.74	0.51
-46.76	-66.79	2.07
-34.93	-85.76	3.53
49.44	-49.5	10.67
31.05	-43.21	-16.41
-34.11	-60.86	-18.65
14.09	-80.23	-12
6.9	-101.48	16.63
16.41	-81.68	10.4
-4.91	-76.89	19.17
14	8.87	11.76
35.38	-82.1	-24.35

// Ricciardi E, 2006: Overlapping
// Subjects=6
26.6	54.96	1.05
2.63	1.83	59.32
3.76	-20.63	57.84
29.35	-1.27	58.15
52.54	9.79	20.16
41.64	36.11	3.58
-40.71	49.19	1.2
-48.94	16.21	29.71
7.69	16.47	27.92
-5.24	31.74	20.1
-17.2	50.47	1.93
44.42	-27.53	61.3
44.42	-27.53	61.3
-47.52	-25.17	58.81
7.09	-66.59	54.97
6.07	-47.42	68.98
-13.2	-87.4	49.14
31.58	-46.44	51.88
27.25	-69.07	34.87
-33.5	-44.66	66.97
-39.04	-45.6	41.47
-12.74	-43.21	-12.56
-46.76	-66.88	0.96
32.26	-68.06	-7.65
-33.07	-51.25	-18.35
-22.26	-86.16	-16.66
1.33	-79.71	-4.09
-1.91	-58.15	-.28
9	-99.7	12
4.88	-95.9	34.03
-21.68	-71.37	64.62
-7.03	-86.59	17.77

// Chang K, 2004: Visuospatial 2-back - Attention, Normals
// Subjects=10
40.19	-68.85	50.31
6	-62.37	54.62
5.62	30.34	42.39
46.02	35.04	17
-33.27	32.34	-10.86
-24.15	7.58	53.56

// Drapier D, 2008: 1-Back > 0-Back, Healthy Controls
// Subjects=20
-41.57	9.6	12.33
-29.32	-49.98	52.87
47.12	35.39	21.42
44.36	-45.73	46.1

// Drapier D, 2008: 2-Back > 0-Back, Healthy Controls
// Subjects=20
-33.63	-50.43	47.39
47.11	38.57	21.15
-33.16	21.4	-1.02
1.42	21.14	47.67
-33.38	55.35	-16.13
-37.44	48.75	9

// Drapier D, 2008: 3-back > 0-Back, Healthy Controls
// Subjects=20
39.4	24.06	-14.34
-33.63	-50.43	47.39
-37.38	-68.16	-30.26
-29.95	21.42	-1.06
5.63	23.83	40.71
47.14	31.16	21.77
-33.17	48.77	8.95

// Drapier D, 2008: 1-Back > 0-Back, Healthy Relatives
// Subjects=20
-41.58	38.03	22.22
47.07	34.88	14.77

// Drapier D, 2008: 2-Back > 0-Back, Healthy Relatives
// Subjects=20
-37.3	34.89	22.43
47.07	34.88	14.77
-21.82	-66.22	48.57
-41.86	47.27	-9.78
8.66	-5.42	6.32
-13.77	6.59	12.27
1.45	12.68	48.38

// Drapier D, 2008: 3-Back > 0-Back, Healthy Relatives
// Subjects=20
-34.37	60.51	-4.29
-33.69	-46.63	41.49
44.32	-46.16	40.56
-30.06	60.97	1.2
47.07	34.88	14.77

// Drapier D, 2008: Healthy Relatives > Healthy Normals, 1-Back + 2-Back
// Subjects=20
-30.09	63.97	-1.28

// Beneventi H, 2007: N-back Main Effect
// Subjects=12
-44	-55	-11
24	-52	43
0	21	43
-28	-56	51
40	40	20
28	24	0
28	7	55
-8	-79	-20
-44	6	44
-32	23	-1
40	-67	-17
-40	36	17
-44	9	25
4	11	62
48	-59	-7
-8	3	62
-32	-83	-16
4	-79	-16
-36	-75	-16
44	-55	-14
-40	39	9
-20	-86	-13
28	-92	4
-28	6	44

// Beneventi H, 2007: Facial Expressions > Scrambled Drawings
// Subjects=12
40	35	2

// Frangou S, 2008: N-back, Healthy Controls
// Subjects=7
-52	6	40
-28	-66	56
-30	-66	44
-54	-46	12
-14	-4	16
4	18	54
52	12	40
48	38	24
38	-62	52
42	-50	38
8	-2	12

// Frangou S, 2008: Increased Memory Load n-back, Healthy Controls
// Subjects=7
-50	2	42
36	20	54
36	12	56
8	40	32
36	62	-2

// Malisza K L, 2005: Blank 1-back > 0-back, Healthy Children (Table 1)
// Subjects=14
62	14	-16
-50	-26	2
-40	-12	10

// Malisza K L, 2005: 1-back > 0-back, Healthy Children (Table 1)
// Subjects=14
20	68	20
-22	-6	64
-40	-14	12

// Malisza K L, 2005: Blank 1-back > 0-back, Healthy Adults (Table 2)
// Subjects=9
-22	18	58
54	-44	52
20	-72	48
-4	-32	44

// Malisza K L, 2005: 1-back > 0-back, Healthy Adults (Table 2)
// Subjects=9
12	8	62
-4	2	64
-40	48	22
26	0	44
-36	54	-18
54	42	10
48	4	36
-38	-52	52
-54	-54	42

// Malisza K L, 2005: Blank 1-back > 0-back, Healthy Children (Table 3)
// Subjects=14
6	-6	56
40	-54	38
-32	-66	48
58	-54	-10
22	-88	34
44	-4	54

// Malisza K L, 2005: 1-back > 0-back, Healthy Children (Table 3)
// Subjects=14
24	-22	28
24	0	52
-44	4	30
28	58	16
34	50	24
-30	52	30
12	-10	62
16	-78	46
-8	-60	48
40	-4	54
42	-4	34
-42	-6	54
-46	0	50

// Malisza K L, 2005: Blank 1-back > 0-back, Healthy Adults (Table 4)
// Subjects=9
-34	56	-2
-44	30	-8
-44	-44	22
-62	-52	14

// Malisza K L, 2005: 1-back > 0-back, Healthy Adults (Table 4)
// Subjects=9
-52	44	4
4	6	60
-8	8	60
-10	12	52
-28	34	34
-40	-46	10
-38	22	30
56	4	40
24	-78	34
38	6	34
-40	0	36
62	-56	18
32	-16	18

// Shamosh N A, 2008: 3-Back vs. Fixation, Activations
// Subjects=103
10	-70	54

// Shamosh N A, 2008: 3-Back Correlated with Accuracy
// Subjects=103
-22	61	8
10	-70	54

// Shamosh N A, 2008: 3-Back Inverse Correlated with Accuracy
// Subjects=103
-3	40	7
-59	-32	22
39	-9	-11
-9	-62	12

// Shamosh N A, 2008: 3-Back Correlated with Intelligence
// Subjects=103
-22	61	8
10	-70	54

// Shamosh N A, 2008: 3-Back Inverse Correlated with Intelligence
// Subjects=103
-3	40	7
-59	-32	22
39	-9	-11
-9	-62	12

// Shamosh N A, 2008: 3-Back Inverse Correlated with Delayed Discounting
// Subjects=103
-22	61	8

// Shamosh N A, 2008: 3-Back Correlated with Delayed Discounting
// Subjects=103
-3	40	7
39	-9	-11

// Deckersbach T, 2008: 2-Back >  Fixation, Healthy Controls
// Subjects=17
-8	4	-56
-58	6	22
36	18	-6
26	-8	46
12	-6	12
-46	-4	42
-56	-16	28
24	-10	-2
-8	-20	-12
68	-12	-6
-58	-10	-8
-32	18	2

// Deckersbach T, 2008: Mood Induction  >  No Induction, Healthy Controls
// Subjects=17
14	8	38
-6	16	44
10	8	58
-2	10	62
60	8	30
48	18	2
36	18	-8
28	14	-18
-48	22	25
-46	-2	42
-24	-10	-18
24	-12	-16
-12	-16	6
-32	-6	50
-56	-16	28
24	-12	-2
-8	-20	-12
60	-16	-10
-56	-14	-12
52	-8	-28
44	14	-38
38	10	-20

// Deckersbach T, 2008: Sadness Induction > Neutral State Induction, Healthy 
// Subjects=17
14	46	6
38	24	14
-32	24	38
42	4	40
-2	2	8

// Lim H K, 2008: 1-Back > Rest, Elderly Normals
// Subjects=12
-2.47	-75.65	43.28
60.84	20.94	28.16
-41.26	-20.32	63.12
-37.33	-29.81	30.38
14.96	-8.87	67.75

// Walsh N D, 2007: Interaction Effect of Group x Time, Quadratic Load 
// Subjects=20
-2.11	4.66	0.03
5.5	-9.41	10.04

// Schmidt H, 2009: (1, 2, and 3-back) vs. 0-back, Males
// Subjects=25
26	12	54
-6	22	46
42	36	32
32	64	8
-34	22	-4
14	-68	52
-28	0	58
-48	-48	50

// Schmidt H, 2009: (1, 2, and 3-back) vs. 0-back, Females
// Subjects=21
34	4	56
-4	14	54
54	22	30
-56	20	32
-41	32	-8
44	-54	58

// Forn C, 2007: 2-Back > 0-Back, Healthy Controls
// Subjects=10
40.71	43.01	24.2
42.91	25.05	25.68
31.89	47.88	-8.45
5.73	13.94	50.46
-39.38	28.79	26.31
-24.79	61.37	-7.81
-41.37	6.2	37.15
32.66	-57.35	48.32
-27.19	-56.65	48.95
-35.73	-57.76	49.14

// Haberecht M F, 2001: 1-Back Task vs. 0-Back Task, Healthy Controls
// Subjects=14
18	6	58
42	8	40
-34	52	-26

// Haberecht M F, 2001: 2-Back Task vs. 0-Back Task, Healthy Controls
// Subjects=14
36	0	42
42	-64	56

// Davis M H, 2008: All Words vs. Letter Strings
// Subjects=12
-63	-42	-3
-45	-42	-12
-6	27	-42
-48	30	-15
-33	27	-12
-48	24	18
-18	-9	-15
9	27	42
33	-12	60

// Davis M H, 2008: (Complex Noun vs. Simple Noun) vs. (Complex Verb vs. 
// Subjects=12
-30	-6	18
-27	48	-12

// Davis M H, 2008: Verbs (Simple/Complex) vs. Nouns (Simple/Complex)
// Subjects=12
-54	-48	-6
-54	-36	21
-21	-36	3
-3	9	-6

// Choo W C, 2005: Rested Wakefulness, 2-Back > 1-Back
// Subjects=12
-47.92	13.5	22.12
38.64	37.08	30.3
-.78	28.19	42.65
-32.63	-48.91	39.44
34.75	-62.17	40.89
6.02	-66.6	54.98
-15.79	-18.54	17.74

// Choo W C, 2005: Sleep Deprivation Related Increase
// Subjects=12
-6.23	36.99	33.05

// Choo W C, 2005: Sleep Deprivation Related Decrease
// Subjects=12
-29.41	-84.98	26.82
21.81	-79.9	19.11

// Choo W C, 2005: State Effect: Sleep Deprivation Related Increase
// Subjects=12
-7.36	-18.63	2.04

// Choo W C, 2005: State Effect: Sleep Deprivation Related Decrease
// Subjects=12
-29.45	-82.15	22.12
32.52	-81.87	20.27
20.77	-78.51	23.47
21.85	-78.42	24.56
-62.97	-18.33	-2.92

// Choo W C, 2005: Load by State Interaction
// Subjects=12
-35.08	12.61	23.16
26.58	55.85	-1.25
33.04	28.94	-5.76

// Kasahara M, 2011: Overall (Correct Responses Across Working Memory Load vs. 
// Subjects=9
-54	-36	-26
-44	-52	54
-20	-10	46
10	-56	-30
-10	-54	-32
-20	-56	-38
44	30	30
52	30	34
44	44	28

// Kasahara M, 2011: Linear Increase (Correct Responses Across Working Memory 
// Subjects=9
-54	-36	-26
-44	-52	54
28	6	56
10	-56	-30
-10	-54	-32
-20	-56	-38
42	30	28
52	30	34
44	44	28

// McAllister T W, 1999: 1-Back > 0-Back, Healthy Controls
// Subjects=11
-36	-60	40
50	-50	50
-46	8	20
36	16	54
8	14	0

// McAllister T W, 1999: 2-Back > 1-Back, Healthy Controls
// Subjects=11
38	52	14
26	18	58

// Perlstein W M, 2004: Regions Showing Monotonically Increasing Activity in 
// Subjects=7
46.31	-4.82	38.18
-34.98	15.84	37.38
56.87	1.61	24.14
-35.17	35.87	21.21
-55.33	-1.17	25.66
-36.18	18.86	21.53
41.8	18.01	17.36
-26.88	57.39	-4.11

// Frank S, 2010: High-Calorie > Low-Calorie
// Subjects=6
21	36	-12
-15	-87	-12
-30	15	-21
-3	-42	12
-24	-39	45
0	-15	9
21	60	12
-9	33	33
15	39	15

// Frank S, 2010: High-Calorie, Hungry > High-Calorie, Satiated, Healthy 
// Subjects=6
-3	45	54
24	-72	-6
-15	48	-6
-24	18	60
9	21	-12
-24	-72	-3

// Frank S, 2010: Main Effect Task: 1-Back > Control
// Subjects=6
-39	-39	48
-54	3	45
24	-15	63
15	-63	60
24	-48	-24
-15	-18	6

// Frank S, 2010: Main Effect Food: Food > Non-Food
// Subjects=6
9	51	9
0	-48	33
-45	-69	33
51	-75	36
63	-12	-12
-6	33	63
-54	33	3
48	21	-30
-15	-87	-3

// Frank S, 2010: High-Calorie > Non-Food
// Subjects=6
0	-48	33
-45	-75	45
-15	54	6
-9	27	-9
51	-75	36
-30	18	-18
60	-63	36
-63	-36	3
-30	21	-18
15	30	-15
27	18	-18
54	39	-3

// Frank S, 2010: Low-Calorie > Non-Food
// Subjects=6
-51	-72	36
6	54	6
0	-51	33
-6	42	-3
-6	-69	27
48	21	-24
60	-63	36
-21	30	45
-66	-15	-9

// Fernandez-Corcuera P, 2013: 2-Back vs. Baseline, Healthy Controls
// Subjects=41
-42	14	28
46	-44	44

// Garrett A, 2011: 1-Back vs. 0-Back, Healthy Controls
// Subjects=19
62.67	37.06	5.25
60.54	37.26	7.5
40.58	15.19	48.13
-43.58	-42.3	46.29
-43.65	-40.59	41.64
57.01	-31.24	55.8
47.33	-54.98	54.96
55.9	-27.09	54.29
-30.67	21.95	55.4
-60.2	22.44	27.84
-32.88	21.52	50.99
-60.21	22.33	26.73

// Garrett A, 2011: 2-Back vs. 0-Back, Healthy Controls
// Subjects=19
-45.75	-40.19	46.11
-43.65	-38.47	41.42
40.55	12.75	45.01
-53.67	18.41	30.36
3.83	25.91	49.93
-.45	23.97	52.44
16.64	-81.37	15.51
29.49	-65.78	9.26
-60.53	-54.46	-13.85
-56.23	-54.65	-16.15
-58.25	-68.92	-7.98

// Kleinhans N, 2009: Upright Faces > Fixation, Run 1 (Healthy Controls)
// Subjects=20
22	-6	-14
-22	-10	-14
42	-46	-24
-42	-48	-22

// Kleinhans N, 2009: Upright Faces > Fixation, Run 2 (Healthy Controls)
// Subjects=20
-20	-10	-12

// Lee T W, 2013: Task > Rest, Controls
// Subjects=14
16.46	6.77	53.17
-23.05	4.59	56.03
37.8	-2.25	44.76
36.46	46.59	29.52
-42.32	4.13	51.83
-32.66	13.42	60.98
-38.58	49.11	0.06
63.29	13.8	29.73
-39.71	50.71	-6.75
50.42	11.09	23.42
-45.81	13.26	18.77
49.52	1.88	42.04
-48.94	4.15	25.14
-34.8	-5.34	52.54
14.34	6.93	55.41
-6.09	21.9	44.35
8.82	24.82	39.47
5.73	5.13	46.74
-1.81	9.95	40.84
9.91	21.74	40.83
-7.14	13.35	43.96
29.41	-55.6	43.75
-22.93	-67.8	42.03
38.99	-63.63	35.39
-36.79	-54.34	52.21
35.52	-56.53	3.61
-35.82	-49.9	40.68
8.13	-70.19	49.68
-7.88	-67.82	54.13
52.45	-36.13	-9.45
-44.68	-55.32	-1.15
-68.33	-21.8	-5.92
52.46	-51.45	-14.85
-48.88	-68.84	3.38
25.92	-60.73	5.19
-14.64	-69.26	8.6
46.02	-46.29	-16.33
-43.64	-62.17	-7.27
-28.39	-72.29	25.74
54.69	-65.81	-8.1
3.72	-95.7	22.87
-34.95	-77.21	3.92
2.45	-96.71	-3.79
1.34	-92.74	-7.46
34.13	21.46	-6.26
27.78	20.96	1.66
24.68	-8.67	4.18
-17.04	-8.37	-2.05
17.26	0.69	15.75
-14.82	-.82	12.9
19.39	-13.64	9.12
-14.85	-8.82	5.76
9.56	-30.19	-25.07
-13.92	-22.41	-18.76
10.71	-18.41	-10.45
-8.51	-20.55	-8.94
7.46	-60.58	-32.53
-38.49	-58.74	-32.16

// Gray J R, 2003: Regions in which gF predicted neural activity on lure 
// Subjects=60
-33.13	46.92	12.45
43.8	47.38	11.53
-46.11	45.3	-7.34
-47.96	25.14	21.14
50.44	23.32	30.2
-41.48	12.74	25.45
48.23	12.77	17.73
-9.25	8.13	45.54
31.01	-57.81	-26.34
-47.95	21.96	21.41
63.48	-7.29	46
-39.03	-36.72	46.3
-58.32	-40.77	36.82
50.74	-29.58	48.01
22.79	-67.72	11.39
-58.45	-55.26	14.62
54.65	-29.98	1.16

// Kleinhans N, 2008: Faces > Houses, Controls
// Subjects=21
-42	-50	-24

// Kleinhans N, 2008: House > Faces, Control
// Subjects=21
-28	-66	-12
30	-44	-14

// McAllister T W, 2001: 2-back > 1-back, Control > MTBI
// Subjects=12
-15.84	50.43	37.76
52.85	49.48	0.82

// McAllister T W, 2001: 2-back > 1-back, MTBI > Control
// Subjects=12
-30.68	-37.25	42.2
-26.44	12.52	46.17
38.58	-44.89	48.5
3.85	26.01	51.04

// McAllister T W, 2001: 3-back > 2-back, Control > MTBI
// Subjects=12
-54.44	-54.77	39.86
-43.62	8.83	53.55
-29.38	59.2	-5.46
47.27	21.13	65.36
38.65	10.36	65.45
-4.47	-65.69	58.02

// McAllister T W, 2001: 3-back > 2-back, MTBI > Control
// Subjects=12
-18.14	49.38	26.69

// Ramirez-Ruiz B, 2008: Face Detection > Control, Healthy Controls
// Subjects=10
-10	45	0
48	-61	25
-49	-57	16
44	-67	-12

// Seo J, 2012: Healthy Controls: 2-back - 0-back activation
// Subjects=22
-42	9	30
30	9	57
-33	24	-6
33	26	-6
-6	24	45
9	27	45
-3	15	54
6	18	54
-15	3	0
15	3	0
-12	9	0
15	9	6
-54	-51	-15
-27	-66	45
39	-66	51
-39	-60	48
42	-45	42
-9	-78	-34
35	-63	-39

// Zhang Y, 2007: Effect of DRD2 rs1076560 genotype on brain activity during 
// Subjects=24
-19.63	24.37	-11.15
21.39	19.95	-14.77
-54.03	38.67	5.95
-31.56	43.68	-10.61
-53.39	8.48	50.39
-10.62	24.97	17.78
-7.55	-10.17	-2.33
-31.27	55.74	15.08
-10.46	-17.57	21.98

// Zhang Y, 2007: Effect of DRD2 rs2283265 genotype on brain activity during 
// Subjects=19
-22.53	-17.9	7.65
-54.05	42.93	5.53
12.25	-21.74	22.01
-9.35	-14.06	24.98
-35.31	-50.5	15.58
37.82	22.73	2.61

// Bertolino A, 2009: Main effect of DRD2 on brain activity during working
// Subjects=142
59	23	6
30	52	-3
26	7	-6
15	26	19

// Bertolino A, 2009: Main effect of DAT on brain activity during working 
// Subjects=142
-41	6	51
-49	20	37
-45	22	-7

// Bertolino A, 2009: Interaction between DAT and DRD2 on brain activity 
// Subjects=142
-38	6	51
-38	26	26
-8	0	7
11	-6	18

// Bertolino A, 2009: Interaction between DAT and DRD2 on brain activity 
// Subjects=142
26	-72	21
-34	49	33
-38	52	11
-11	24	34
38	-53	24
-45	22	-7
-63	-35	16

// Bertolino A, 2010: Main Effect of Working Memory Task
// Subjects=37
-29	13	54
-51	15	19
40	40	15

// Bertolino A, 2010: Effect of DRD2 genotype on brain activity during working 
// Subjects=11
33	-1	45
63	8	7
10	16	40

// Blasi G, 2015: Effect of DRD2 genotype on brain activity during working 
// Subjects=322
-48	40	14

// Blasi G, 2015: Effect of HTR2A genotype on brain activity during working 
// Subjects=322
-50	46	10

// Blasi G, 2015: Working memory, Combined effects of rs1076560 and rs6314
// Subjects=322
44	14	16
-56	36	14

// Farb N A S, 2012: Interceptive > Exteroceptive, Control group
// Subjects=16
27	-51	12
15	-12	51
-30	-42	-6
45	-24	24
-24	-51	6
-9	-24	21
-33	-6	15
-12	-60	15
-9	-48	-45

// Farb N A S, 2012: Exteroceptive > Interoceptive, Control group
// Subjects=16
3	-81	-27
-42	-54	48
-48	15	21
45	-48	54
36	57	18
0	18	63
39	24	0

// Farb N A S, 2012: Interoceptive > Exteroceptive, Training Group
// Subjects=20
33	-6	15
15	-21	51
-21	-18	21
-12	-54	21
27	-51	9
33	-36	-3
-30	-18	36
18	-60	-48
0	-42	-45

// Farb N A S, 2012: Exteroceptive > Interoceptive, Training group
// Subjects=20
-3	27	51
-45	-54	51
-51	12	30
33	-57	54
57	0	-39

// Ellis K A, 2007: Task Activation (1- and 2-Back, Balanced Drink)
// Subjects=10
50	34	26
52	16	32
-34	2	54
-32	-56	44
42	-62	54
12	20	44
14	-92	18

// Ellis K A, 2007: Memory Load (2-Back - 1-Back, Balanced Drink)
// Subjects=10
-44	50	-10
-36	56	12
-32	6	52
-36	-64	44
40	-76	44
56	28	26

// Ellis K A, 2007: rCBF Increases (TPD Drink)
// Subjects=10
-28	-14	0
-30	-14	-4
-24	-26	-6
16	-28	-12
-54	14	10

// Ellis K A, 2007: rCBF Decreases (TPD Drink)
// Subjects=10
42	-18	-34
-28	-56	-36
-4	-22	-32

// Pourtois G, 2005: Face > House
// Subjects=13
-21	-15	-12
48	-57	-33
-45	-51	-27
54	-72	-3
-54	-72	15
51	-54	6

// Pourtois G, 2005: House > Face
// Subjects=13
-21	-42	-15
27	-42	-18
-24	-75	-12
24	-66	-12

// Pekkola J, 2006: ATT_VOWELS vs. Baseline
// Subjects=10
-13.58	-94.69	-3.78
37.34	28.16	-2.4
-37.4	20.66	3.55
-34.68	-43.58	53.51
50.8	-40.95	52.31
-9.24	11.56	48.6
67.63	-32.67	20.2
-59.52	-35.46	23.01

// Pekkola J, 2006: ATT_CIRCLES vs. Baseline
// Subjects=10
-41.33	-83.51	5.64
46.27	11.21	39.07
-51.85	-5.99	59.48
-23.79	-53.52	75.41
50.81	-43.07	52.49
-.63	15.47	57.09
64.43	-34.81	20.42
65.51	-36.92	20.58

// Pekkola J, 2006: ATT_CIRCLES > ATT_VOWELS
// Subjects=10
14.65	-66.83	64.94
24.61	60.89	22.88
31.47	2.89	56.66

// Njiboer M, 2014: 2-Back > Baseline
// Subjects=19
-42	2	28
-30	-52	46
0	2	58
-33	20	-2

// Njiboer M, 2014: 2-Back and Tone-counting > Baseline
// Subjects=19
-39	50	22
39	44	31
-60	-31	10
63	-28	7
-3	8	52
-33	-43	40
-33	20	4
39	20	1

// Njiboer M, 2014: 2-Back and Tracking > Baseline
// Subjects=19
0	-67	-20
-51	2	31
36	38	31
45	2	34
-48	-73	-2
0	-1	52
-12	-19	7
15	-19	7

// Njiboer M, 2014: (2-Back and Tone counting) - (2-Back + Tone-counting)
// Subjects=19
-9	-82	1
33	-34	-2
0	-37	22
-12	-49	46

// Njiboer M, 2014: (2-Back and Tracking) - (2-Back + Tracking)
// Subjects=19
6	-79	4
48	-1	-14
30	14	-5
-36	50	22
33	56	16
-30	2	22
33	11	25
12	8	31
45	-25	49

// Bianchi-Demicheli F, 2011: Erotic > Non-Erotic, Healthy Controls, p < 0.001
// Subjects=15
-27	3	-30
-3	-15	36
48	9	15
-45	3	27
-39	30	6
-12	51	6
33	0	42

// Bianchi-Demicheli F, 2011: Erotic > Non-Erotic, Healthy Controls, p < 0.05
// Subjects=15
45	-60	-6
-33	-66	-15
36	-69	-12
33	-60	60
-48	-72	-9

// Alonso-Lana S, 2016: 1-Back > Baseline, Healthy Controls
// Subjects=28
-50	8	28
36	22	4
44	-44	52

// Alonso-Lana S, 2016: 2-Back > Baseline, Healthy Controls
// Subjects=28
-52	10	24

// Alonso-Lana S, 2016: 2-Back > 1-Back, Healthy Controls
// Subjects=28
-34	-62	-32

// Pomarol-Clotet E, 2012: 2-Back > Baseline, Healthy Controls
// Subjects=46
2	20	44
-38	60	18

