// Reference=MNI
// Arrington C M, 2000: Object- > Location-based Cueing
// Subjects=12
-30.5	-32.52	44.73
-41.13	-23.18	56.34
-65	-34.75	5.17
-46.01	-27.35	-24.66
-15.92	-34.17	-5.48
-15.86	42.22	32.72
1.91	44.9	-16.78
-32.19	40.18	-5.95
7.9	-74.7	18.83
-10.31	-70.92	14.27
17.29	-72.64	-10.44
13.03	-52.69	0.2
-12.65	-49.93	-3.08
-22.3	-29.47	0.89
12.7	-53.92	-43.18

// Arrington C M, 2000: Invalid > Valid Cueing
// Subjects=12
51.76	-61.86	29.52
50.3	-28.66	-8.93
12.86	53.16	20.32
2.53	21.66	54.31
48.37	16.34	36.38
45.86	24.61	-7.77

// Duncan J, 2000: Spatial, High vs. Low g
// Subjects=13
-55.27	48.47	-3.96
-54.91	37.99	21.72
-51.06	34.48	-16.09
-35.18	16.12	39.24
61.75	36.07	17.69
70.32	24.63	9.71
52.88	49.68	3.04
45.09	21.02	64.28
3.73	33.9	43.54
-26.22	-64.68	47.08
53.82	-52.73	55.74
-24.6	-110.28	-4.46
-39.74	-99.49	-3.03
44.56	-98.99	-2.27
50.87	-78.32	-11.15

// Duncan J, 2000: Circles, High vs. Low g
// Subjects=13
61.79	34.15	20.12
48.94	41.53	30.81
42.77	11.05	49.62
49.39	20.83	61.99
-24.6	-110.28	-4.46
-5.08	-85.57	6.21
27.27	-107.77	-3.35

// Garavan H, 2000: VSWM vs. CTL
// Subjects=5
-45.75	7.26	23.73
-39.43	32.67	21.53
39.62	38.35	19.03
22.87	5.67	52.07
-37.06	1.11	39.76
-6.07	18.81	45.72
0.41	-47.37	28.9
-.91	35.7	29.75
-33.17	22.37	-2.22
35.21	25.95	-3.3
-30.41	-51.3	49.65
31.57	-47.67	49.75
-11.04	-68.47	59.79
28.4	-79.21	41.28
0.6	-47.68	52.34
-33.71	-75.41	27.18
48.27	-53.88	-4.56

// Koski L, 1999: Informative vs Neutral, Increases
// Subjects=10
-20	-11	12
9	-71	5

// Larsson J, 2002: OC - NO
// Subjects=7
-37.16	-97.71	-13.29
42.03	-96.04	1.27

// Larsson J, 2002: NS - NO
// Subjects=7
24.82	-92.94	-12.17
5.57	-80.03	-8.57
18.47	-96.7	-5.09
-5.13	-93.46	-16.24

// Larsson J, 2002: NS - OC
// Subjects=7
5.59	-86.37	-8.04
-2.97	-95.39	-13.88
22.65	-84.5	-12.85
14.27	-102.55	2.14

// Larsson J, 2002: OC - FX
// Subjects=7
-35.02	-88.9	-9.59
-28.54	-94.69	-2.49
37.73	-89.72	0.79
-37.05	-90	3.91
37.64	-84.06	-8.6
24.9	-92.09	-1.09
16.43	-102.37	4.33
-24.38	-84.95	-14.51
27.21	-92.47	21.22
29.32	-70.8	26.07
-43.65	-63.4	-9.4
29.29	-82.06	18.09
37.56	-67.32	-12.24
-26.51	-69.47	-6.86

// Larsson J, 2002: NS - FX
// Subjects=7
16.43	-102.37	4.33
22.68	-88.55	-10.28
-28.54	-94.69	-2.49
16.3	-92.65	-7.64
-19.94	-98.53	2.19
-20.02	-94.98	-7.02
-35.01	-86.61	-7.55
-9.39	-93.32	-13.98
-24.38	-84.95	-14.51
35.61	-87.45	2.86
-5.03	-98.95	-4.63
35.51	-84.08	-8.58
29.33	-90.52	18.8
23	-76.5	35.54
27.18	-68.7	25.92
-23.99	-69.92	42.22

// Larsson J, 2002: NO - FX
// Subjects=7
-28.52	-94.52	-.27
24.92	-91.91	1.12
14.29	-102.38	4.35
-37.17	-86.8	-9.74
-37.05	-90	3.91
24.81	-86.43	-10.49
35.51	-84.08	-8.58
29.33	-86.12	20.66
29.32	-70.8	26.07
27.27	-74.36	35.31
-43.66	-65.69	-11.44
-23.99	-69.92	42.22
-17.91	-93.03	-9.44
-13.71	-91.57	-18.53
-5.02	-101.07	-4.46
37.61	-71.2	-7.45
18.21	-44.51	-18.39

// Rosen A C, 1999: Endogenous > Rest
// Subjects=13
-40.09	-15.78	55.71
48.45	5.13	42.9
-3.83	6.73	54.52
5.8	9.16	57.55
-49.9	-70.53	9.11
56.95	-52.46	13.06
34.76	-44.48	49.45
40.59	42.87	8.6
-36.31	-59.35	-26.55
27.8	-49.11	-23.69
-22.32	-5.52	7.8
24.65	0.85	3.38
-12.74	-73.93	-24.49
6.57	-71.99	-14.83

// Rosen A C, 1999: Exogenous > Rest
// Subjects=13
-39.01	-13.48	57.73
49.5	4.97	40.67
-3.84	5.51	52.39
5.79	9.08	56.44
-46.69	-71.57	9.16
52.69	-64.37	10.76
62.31	-35.79	21.64
-32.5	-51.94	55.31
-17.45	-63.05	61.64
28.35	-45.66	48.5
-34.19	-56.26	-27.95
24.6	-49.13	-23.65
-12.82	-18.72	-12.39

// Rosen A C, 1999: Control > Rest
// Subjects=13
-35.78	-15.41	60.09
-3.83	3.48	53.68
4.73	6.96	56.63
-46.67	-68.14	12.22
52.7	-65.43	10.85
63.38	-35.79	21.62
-35.28	-55.29	-29.14
18.19	-46.88	-21.53

// Vidnyanszky Z, 2000: Form Discrimination - Position Discrimination
// Subjects=7
35.56	-87.88	-2.68
-34.99	-87.5	-5.25

// Vidnyanszky Z, 2000: Position Discrimination - Form Discrimination
// Subjects=7
-30.59	-.46	46.51

// Vidnyanszky Z, 2000: Combination Form and Position Discrimination - Control
// Subjects=7
42.97	15.7	28.69
-47.88	22.73	31.38
33.49	-87.2	6.21
43.95	-55.47	-11.07
-30.73	-85.44	-6.59
25.2	-67	48.1
-31.55	-53.22	38.67

// Vidnyanszky Z, 2000: Form Discrimination - Control
// Subjects=7
44.04	15.8	29.79
37.68	-78.18	-1.29
-35.01	-85.47	-6.53
28.37	-67.41	42.52
-11.13	-74.87	45.83
-26.2	-62.96	36.08

// Vidnyanszky Z, 2000: Position Discrimination - Control
// Subjects=7
-45.77	24.6	27.85
-30.56	3.14	51.78
26.25	-67.25	44.76
-13.27	-73.83	45.77
-41.07	-51.1	53.1
-29.43	-54.43	36.52

// Nobre A C, 1997: Same-Side vs. Baseline
// Subjects=6
1.74	11.11	52.55
12.59	15.82	56.39
10.23	23.08	42.26
47.03	4.06	43.52
49.23	-6.57	44.53
-41.62	5.46	40.41
-22.56	-27.99	3.05
38.55	-67	41.73
64.13	-49.84	17.18
13.93	-82.24	-28.06

// Nobre A C, 1997: Right - Rest
// Subjects=6
42.72	1.92	43.8
46.96	7.9	38.66
51.19	16.01	33.3
-45.93	3.32	40.69
-39.42	-5.17	41.42
40.66	-69.53	37.46
38.52	-58.49	40.89
-26.71	-63.96	8.92
64.13	-49.84	17.18
59.79	-60.9	13.87
-41.89	-57.84	6.33
-42.14	51.89	8.93

// Nobre A C, 1997: Left - Rest
// Subjects=6
47.03	4.06	43.52
46.91	20.66	37.39
-42.18	1.31	-4
38.55	-67	41.73
59.82	-54.11	17.68
63.95	-48.96	3.65

// Nobre A C, 1999: Common Areas
// Subjects=7
46	0	42
-30	-4	54
-6	-6	66
-10	10	60
38	-64	52
-36	-54	48
-44	-40	32
40	-80	-26
34	-80	0
30	-84	-8
-46	-62	6
-32	-56	-38
-36	-60	-30

// Nobre A C, 1999: Areas Selective for Invalid Trials
// Subjects=7
34	4	40
56	-56	42
-50	-48	38
-54	-32	44
-62	-32	40
-36	-44	32
22	52	-24
32	50	-22
42	52	-16
-32	54	-8
-34	48	-2
-36	50	-16

// Nobre A C, 2000: Areas Common to Saccades and Attention
// Subjects=4
45	6	42
54	3	24
45	3	51
60	-3	33
57	-6	42
-45	-3	51
-54	-6	39
-30	-6	60
51	33	15
42	27	18
51	15	-15
54	6	-9
-51	9	-3
-57	0	6
-3	3	60
6	18	48
6	18	30
9	9	42
-3	9	45
42	21	0
-36	24	3
-39	15	3
57	-45	45
33	-57	60
-51	-36	36
-30	-57	57
-24	-63	60
-24	-66	51
54	-42	9
57	-42	18
48	-60	-3
54	-63	-9
-45	-66	-9
-27	-57	-24
-33	-69	-18
27	6	3
33	-3	3
-27	3	-6
-27	-3	3
36	-45	-30
48	-54	-33
-39	-51	-30

// Nobre A C, 2000: Attention > Saccades
// Subjects=4
51	-9	54
45	-15	60
-48	-12	51
48	-54	54
36	-63	54
-42	-54	54
-33	-63	54

// Nobre A C, 2000: Areas Uniquely Identified by Attention
// Subjects=4
33	24	51
18	-54	-21
33	-66	-21
-12	-78	-21
-36	-84	-18
-36	-90	-6

// Nobre A C, 2002: Areas Common to Search and Saccades
// Subjects=6
60	-10	48
46	-8	38
62	-6	36
64	-6	24
54	-4	32
60	6	36
-50	-6	28
-50	0	36
32	-68	54
34	-60	64
16	-84	40
10	-82	46
14	-78	56
10	-74	50
-18	-78	48
-24	-72	44
-24	-62	62
68	-32	8
60	-18	2
68	-14	4
18	-92	16
36	-90	10
38	-90	2
2	-88	6
32	-84	20
2	-82	16
18	-76	-8
46	-76	-10
14	-74	0
12	-72	10
4	-72	24
0	-70	-22
26	-68	-8
22	-64	-14
40	-64	-22
8	-52	-26
-16	-90	16
-26	-86	18
-34	-86	14
-14	-80	0
-2	-80	6
-44	-80	-6
-34	-70	-10
-44	-64	-22
-8	-60	-20
-42	-50	-24
10	-26	8
18	-20	4
-28	-22	2
2	-24	-4

// Nobre A C, 2002: Search > Saccades
// Subjects=6
-48	4	34
24	-80	46
18	-78	42
36	-70	38
20	-68	56
10	-58	68
32	-52	52
-18	-78	42
-22	-70	62
-26	-64	48
-22	-62	52
20	-94	24
24	-90	18
36	-82	20
34	-74	0
28	-70	-10
-28	-84	20
-24	-82	30
-36	-82	10
-18	-78	-8
-42	-76	4
-36	-66	-6

// Nobre A C, 2002: Foils-Search > Foils-Saccades
// Subjects=6
40	-70	-12
-36	-66	0
18	-82	12

// Simon O, 2002: Attention vs. Attention Control
// Subjects=10
4	4	60
-36	44	32
-28	-8	64
24	64	28
40	16	36
48	36	0
44	-40	52
24	-64	60
-36	-60	60
56	-44	32
-4	-60	48
8	-64	52

// Simon O, 2002: Attention Only
// Subjects=10
-4	-52	52

// Simon O, 2002: Visuospatial Tasks
// Subjects=10
-12	-68	52
16	-68	52

// Corbetta M, 1991: Velocity - Passive
// Subjects=9
4.76	-93.84	19.36
14.18	-81.58	-1.85
-36.01	-77.13	5.04
-38.14	-65	10.74
34.58	-94.69	5.71
30.22	-74.79	1.86
-27.32	-79.94	23.02
-12.69	-14.09	6.18
15.14	-22.21	8.77
17.1	22.04	2.81
32.27	-6.45	18.41
-42.47	-6.21	28.17

// Corbetta M, 1991: Divided Attention - Passive
// Subjects=9
15.34	-80.54	11.43
-12.36	-92	17.17
-11.38	-92.85	6.08
-25.36	-77.41	0.49
-42.4	-74.71	9.38
6.74	3.4	37.95
10.82	27.77	22.47
41.68	30.99	6.24
-27.38	-44.36	28.96

// Gitelman D R, 2002: Explore - Saccade
// Subjects=17
30	6	60
39	27	-9
-39	-24	-12
30	-60	45
18	-69	57
-12	-75	51
-18	-66	45
36	-78	21
-24	-99	15
30	-87	18
33	-78	-6
-24	-69	-12
12	-84	-15
-15	-84	-15
21	-93	6
-24	-93	15
-12	-99	3
0	-90	-9
42	-63	-9
-3	-27	-6
6	-21	9
-3	-24	3

// Kohler S, 1998: Perceptual Matching > Retrieval
// Subjects=12
7.58	60.99	11.66
31.57	47.43	26.04
39.98	-11.17	-4.16
66.16	-46.41	7.84
57.53	-20.08	14.35
51	-81.74	-1.85
-7.71	57.56	-1.19
-5.6	41.85	-8.63
-4.95	7.3	35.12
-44.48	-6.33	-16.65
-22.57	-25.86	2.84
-61.17	-28.18	26.14
-61.36	-36.22	9.01

// Kohler S, 1998: Spatial Processing > Object Processing
// Subjects=12
26.88	68.74	1.6
5.35	47.39	4.08
44.27	12.66	-2.11
57.86	-46.07	34.85
53.28	-54.55	13.35
46.97	-83.93	20.85
-20.78	69.87	-6.66
-28.8	41.67	36.6
-29.23	20.91	-1.67
-6.91	-61.19	37.44

// Kohler S, 1998: Object Processing > Spatial Processing
// Subjects=12
40.32	-10.8	22.69
35.47	-36.66	-23.97
16.28	-58.88	-8
35.58	-94.92	-27.18
25.09	-101.39	-3.95
1.51	-91.31	13.39
-43.93	-0.05	27.54
-42.24	-12.29	-11.62
-2.97	-79.39	3.32
-35.53	-85	-9.02
-46.63	-52.25	-25.52
-14.03	-72.58	-15.09

// Kohler S, 1998: Perceptual Matching, Object > Spatial
// Subjects=12
-27.19	-67.49	-28.82
-3.39	-73.79	-28.6
-16.07	-73.88	-5.97

// Kohler S, 1998: Perceptual Matching, Spatial > Object
// Subjects=12
-38.1	36.65	-16.53
-11.49	35.35	36.94
-57.23	-17.89	-1.84
-22.72	-31.36	-10.06

// Petit L, 1999: DIS > REST
// Subjects=10
-30	-90	-12
26	-90	-8
-36	-70	-8
38	-76	-4
-36	-6	40
34	-10	48
48	2	28
32	44	28
-24	-70	40
22	-68	44

// Petit L, 1999: DIS > FIX
// Subjects=10
-42	-76	4
42	-70	0
20	-76	0
22	-90	20
22	-6	48
20	-68	44

// Rajah M N, 1998: LV 2, Activations
// Subjects=12
5.65	-87.97	-1.22
33.04	46.46	0.58
18.42	-46.68	8.56
37.76	-45.54	21.62
44.05	3.82	26.33
33.27	29.14	24.33
39.92	-25.47	33.3
56.94	4.59	35.04
27.17	-35.78	38.77
20.75	-33.7	38.67
20.67	-1.63	40.44
27.04	8.98	39.48
-7.17	-107.77	-8.33
-41.23	-31.96	39.23
-7.14	4.54	40.24

// Shulman G L, 1999: Directional Cue vs. Passive Cue
// Subjects=7
-10.36	-102.16	-4.3
21.71	-95.28	-.79
23.65	-66.51	-14.37
-16.88	-90.19	-14.15
25.84	-83.59	-15.2
40.8	-79.1	-13.52
-51	-65.42	6.47
-44.65	-72.58	-4.16
45.17	-64.84	5.31
-29.54	-92.96	6.3
34.57	-90.46	5.35
64.49	-41.87	25.47
-27.25	-78.2	31.8
-29.44	-83.13	23.32
-39.95	-48.38	60.67
-35.74	-44.64	53.62
-31.56	-41.24	42.13
30.57	-54.65	55.92
32.6	-44.75	46.15
-12.09	-67.25	61.93
-22.84	-70.11	53.37
26.38	-67.02	61.47
17.78	-71.99	53.06
-27.27	-10.24	57.33
-35.8	-5.72	61.5
-53.06	1.27	43.27
-53.2	6.41	27.23
-55.41	3.43	16.35
28.25	-6.02	51.87
45.37	-3.46	55.92
55.96	4.38	46.22
58	12.16	36.62
-1.69	4.55	53.56
-1.61	-5.51	61.09
-8.17	8.22	46.64
8.87	14.33	41.47
-8.29	15.83	34.85
8.72	25.99	27.11
38.5	51.03	17.98
-32.11	25.63	-1.39
-32.03	17.69	5.97
34.22	24.6	6.86
-10.53	-20.42	6.69
-10.57	-3.33	7.49
8.71	-20.31	6.46
10.81	-5.32	7.41
25.75	-1	6.87
-23.43	0.65	5.07

// Shulman G L, 1999: Neutral Cue vs. Passive Cue
// Subjects=7
-16.75	-104.14	-1.83
0.33	-97.69	-2.57
21.69	-95.45	-3
-16.88	-90.19	-14.15
25.84	-83.59	-15.2
36.47	-79.64	-20.11
-51	-65.42	6.47
-44.65	-72.58	-4.16
45.19	-69.07	5.67
-27.42	-93.11	4.06
34.57	-90.46	5.35
32.47	-83.44	13.71
64.49	-39.75	25.29
-31.59	-78.91	22.99
43.45	-51.77	64.46
-31.52	-49.53	45.06
-35.76	-42.7	51.22
34.83	-43.79	58.31
-14.27	-69.89	55.49
-22.84	-70.11	53.37
26.34	-67.36	57.04
-31.58	-6.21	54.81
-46.58	-2.41	50.2
-48.84	0.78	36.58
-53.22	6.24	25.02
26.15	-1.29	58.19
34.71	-5.47	58.44
47.5	-1.33	55.72
55.97	2.26	46.4
57.98	14.11	34.23
-1.69	4.55	53.56
-1.61	-3.4	60.92
-8.19	8.05	44.42
6.77	12.54	46.1
-1.82	16.38	41.42
-8.29	17.94	34.67
8.72	25.99	27.11
-29.89	46.22	16.93
34.22	48.72	15.99
-32.14	35.15	-2.19
-32.03	19.8	5.79
34.22	24.6	6.86
38.44	21.83	-1.88
-8.38	-22.52	6.84
-10.57	-3.33	7.49
8.7	-18.19	6.28
10.81	-5.32	7.41
25.75	-1	6.87
-23.41	-1.29	7.46

// Shulman G L, 1999: Directional Cue vs. Neutral Cue
// Subjects=7
-44.71	-79.78	-14.71
-51.01	-63.3	6.29
-44.65	-72.58	-4.16
45.23	-62.04	14
-35.98	-86.65	5.84
32.48	-85.55	13.89
-22.96	-73.6	35.82
-31.36	-54.51	63.31
-35.74	-44.64	53.62
-33.7	-41.26	42.16
-27.16	-53.05	54.22
34.8	-48.45	53.13
34.71	-42.79	43.73
-14.26	-65.32	59.56
-22.84	-70.11	53.37
-12.14	-74.28	53.6
17.72	-65.98	48.1
24.18	-69.83	52.81
-25.12	-7.94	59.34
-31.46	-9.41	68.46
-59.51	-1.4	36.88
-61.85	9.73	15.9

// Vandenberghe R, 1997: Peripheral Single Discrimination
// Subjects=14
21.37	-66.23	50.91
40.6	-39.34	38.96
38.36	-2.77	39.86
48.95	8.79	25.09
-18.25	-25.85	2.76

// Vandenberghe R, 1997: Left - Right
// Subjects=14
20.64	-82.68	-10.2
18.63	-107.8	-3.2
-43.86	24.6	38.55
-48.5	33.14	15.37
-40.29	27.72	-20.09
-40.29	43.02	-17.12
-52.7	18.65	21.36
-53.1	-12.74	-15.87

// Vandenberghe R, 1997: Right - Left
// Subjects=14
35.73	30.89	9.68

// Vandenberghe R, 1997: Number of Attributes Attended
// Subjects=10
-24.11	-54.04	45.99
-48.45	35.68	19.6
-55.09	16.98	3.64
-45.89	5.86	44.92
-9.4	26.01	28.86
-44.2	-48.04	-3.56

// Vandenberghe R, 2001: Shifting Attention - Maintaining Attention
// Subjects=12
-24	-57	57
-33	-54	57
15	-63	51
27	-57	60

// Vandenberghe R, 2001: Overt Shifting - Fixation
// Subjects=12
12	-81	0
-9	-69	0
0	-87	3
0	-72	15
15	-78	-12
24	-75	-12
-18	-75	-12
-9	-75	-12
3	-81	33

// Vandenberghe R, 2001: Sustaining Attention - Fixation
// Subjects=12
54	-60	33
57	-51	30
60	-45	42
-42	-60	48
-48	-63	33
48	12	-42
39	48	21
51	33	21
12	24	42
15	42	0
6	42	33
9	9	48
39	30	-9
-30	27	-15
-45	-63	6
21	-93	-3
-18	-96	3

// Dassonville P, 2001: Spatial/CCW - Spatial/Direct
// Subjects=8
-37.12	4.82	32.76
-11.1	-71.36	50
-32.6	-51.91	41.92
-32.55	-70.06	41.21
-4.71	-70.35	48.72
28.23	0.41	52.45
42.98	3.82	26.34
19.86	-72.49	46.39
33.69	-61.03	41.93
12.38	-69.27	47.32
7.81	21.01	45.38
28.34	-77.61	34.46
41.11	-81.39	25.7
33.39	-88.32	-8.2

// Dassonville P, 2001: Symbolic/Direct - Spatial/Direct
// Subjects=8
-39.28	4.55	29.46
-15.38	-68.13	50.89
-29.4	-55.23	39.93
-6.85	-68.25	48.57
-23	-77.29	29.44
-27.49	-87.2	-2.02
-43.73	9.33	9.03
20.92	-78.11	42.39
32.62	-59.89	42.96
5.72	15.97	49.17
38.79	-92	-1.26

// Dassonville P, 2001: Symbolic/CCW - Spatial/Direct
// Subjects=8
-23.07	3.27	52.8
-37.12	3.76	32.84
-42.59	6.85	18.15
-12.19	-71.54	47.79
-27.23	-62.54	41.64
-1.51	-67.16	48.42
-1.77	15.83	48.15
-40.44	26.67	26.5
-25.11	-79.24	31.86
-28.48	-83.09	9.92
-29.63	-86.15	-2.08
-36.16	-68.82	-11.26
-45.86	10.46	10.08
-30.98	20.78	4.58
31.42	1.32	50.11
45.13	8.32	29.29
21.99	-71.5	45.17
34.73	-59.08	39.52
13.43	-70.58	44.07
7.81	17.66	43.43
42.94	30.77	30.78
34.31	38.66	23.52
47.14	26.76	19.91
41.7	40.05	13.28
31.52	-77.85	31.09
35.71	-83.08	18.1
35.67	-93.37	8.93
28	-81.12	-10.97
52.43	9.82	6.77
35.26	19.86	0.55

// Shen L, 1999: Spatial Recognition > Visual Recognition
// Subjects=9
50.34	-53.49	-13.54
32.59	-81.1	30.24
61.27	-24.54	29.63
-15.33	-64.27	59.49
18.87	-64.06	59.08
-11.1	-70.22	51.02
-1.7	-38.32	35.97
28.14	18.13	47.62
58.11	-11.98	40.88
-9.85	28.28	-24.17
-0.08	40.89	0.31
-15	12.62	-6.07

// Lumer E D, 1998: Rivalry > Rest
// Subjects=6
33	-45	-21
-30	-69	-18
0	0	48
9	21	36
60	15	-3
54	15	27
-57	9	3
30	-54	54
60	-27	30
-36	-12	57
39	42	18
-36	39	21

// Lumer E D, 1998: Replay > Rest
// Subjects=6
33	-45	-21
-27	-69	-18
57	21	-9
54	15	24
-60	12	3
69	-36	9
-39	-15	51

// Lumer E D, 1998: Rivalry > Replay
// Subjects=6
66	-30	36
36	-45	51
42	-87	9
51	15	-6

// Lumer E D, 1998: Replay > Rivalry
// Subjects=6
9	-75	-3
-15	-78	-12

// Rowe J B, 2000: Working Memory Maintenance
// Subjects=6
24	4	54
-22	8	60
26	-60	64
44	-34	42
-22	-62	60

// Rowe J B, 2000: Selection from Memory
// Subjects=6
42	38	28
30	18	40
40	54	-12
36	22	-16
10	-80	48
-14	-76	54
38	-82	32

// Rowe J B, 2000: Visual Presentation
// Subjects=6
-8	-96	0
10	-98	12
-12	-58	70
22	-60	68

// Rowe J B, 2000: Cursor Positioning
// Subjects=6
-24	-24	74
-52	-22	18
66	-22	18
-26	-92	0
34	-84	-10
-38	-2	10
42	2	10
-14	-72	-46
-30	-54	-22
14	-64	-50
24	-50	-24
-26	0	0
24	0	0
-12	-18	6
10	-16	6
0	0	52

// Phillips J A, 2002: Specific to Size Retrieval
// Subjects=12
6	6	68

// Paus T, 1993: Manual, Reversed - Overpracticed
// Subjects=8
-48.95	17.18	28.51
-14.58	13.73	49.59
50.79	-38.92	51.03
-35.81	-45.41	43.64
-28.88	-1.64	-10.29

// Paus T, 1993: Manual, Reversed - Fixation
// Subjects=8
-36.88	-24.47	53.05
-2.81	10.63	49.72
47.54	-33.91	47.3
2.39	-29.26	15.09
-12.75	-21.29	-4.37

// Paus T, 1993: Manual, Overpracticed - Fixation
// Subjects=8
-53.06	-18.54	34.9
-39.01	-21.14	55.03
-7.16	7.63	38.87
8.93	-72.92	14.21
-10.42	-66.58	1.64
-15.94	-23.43	-4.15
-6.42	33.87	6.55

// Peterson B S, 2002: Simon Incongruent vs. Congruent
// Subjects=10
31	0	45
-32	-3	43
29	-75	10
-28	-77	9
11	17	21
-10	13	24
43	-49	-10
-46	-52	-10
45	-38	32
-45	-37	31
44	8	13
-44	5	14
40	32	9
-39	34	9

// Marois R, 2000: Location Oddballs vs. Fixation
// Subjects=14
46.31	-79.47	8.76
-44.52	-80.01	9.85
36.86	-76.76	30.94
-33.67	-77.18	31.79
49.52	-62.99	15.14
-47.72	-64.63	16.4
23.11	-59.98	56.46
-20.69	-61.21	58.18
46.18	-68.78	-4.41
-44.65	-69.32	-3.32
38.57	-58.05	-16.37
-36.23	-58.5	-15.47
10.26	-44.91	59.8
-6.83	-45.01	60.01
58.02	-32.65	21.42
-56.3	-33.16	25.01
45.46	-31.12	56.01
-42.16	-30.51	58.08
27.8	-35.99	-19.21
-27.77	-37.38	-18.46

// Marois R, 2000: Conjunction Oddballs vs. Fixation
// Subjects=14
46.31	-79.47	8.76
-44.52	-80.01	9.85
36.86	-76.76	30.94
-33.67	-77.18	31.79
49.52	-62.99	15.14
-47.72	-64.63	16.4
23.11	-59.98	56.46
-20.69	-61.21	58.18
46.18	-68.78	-4.41
-44.65	-69.32	-3.32
38.57	-58.05	-16.37
-36.23	-58.5	-15.47
10.26	-44.91	59.8
-6.83	-45.01	60.01
58.02	-32.65	21.42
-56.3	-33.16	25.01
45.46	-31.12	56.01
-42.16	-30.51	58.08
27.8	-35.99	-19.21
-27.77	-37.38	-18.46

// Binkofski F, 2002: Conjunction of Active Conditions vs. Baseline
// Subjects=6
-48	-8	56
12	-56	-16
20	-96	12
-30	-92	8

// Binkofski F, 2002: Motor-directed Attention
// Subjects=6
20	60	1
56	16	8
36	-48	62
56	-28	24
28	-56	52
44	-60	16

// Binkofski F, 2002: Visually-directed Attention
// Subjects=6
44	40	28
-56	8	40
56	-52	44
4	-56	48
48	-86	-20
-52	-56	-12
32	-76	-16
-16	-84	-12
-8	-84	8

// Fan J, 2003: Spatial Incongruent - Congruent
// Subjects=12
-38	-52	28
40	-16	-24
-16	32	-4
56	0	2
-42	2	-8
-50	-18	14
-12	64	12
62	-16	-12
-2	-72	40
-36	30	28
-6	46	12

// Fan J, 2003: Conjunction Analysis Incongruent - Congruent
// Subjects=12
50	6	0
66	-22	30
-60	-40	24
14	60	20
-4	-78	24
42	-18	-18
-30	54	-4
56	-50	-12
40	24	20
-30	34	32
-6	38	18
-36	-12	-24
50	14	32
30	38	30

// Shikata E, 2001: Orientation vs. Color Discrimination
// Subjects=6
36	-33	39
6	-60	63
-12	-57	60

// Barnes J, 2000: Viewed Linear Motion vs. Linear Reference
// Subjects=6
-41.33	-29.64	27.89
60.07	-47.84	3.71
8.07	-56.53	47.42
47.34	-62.29	10.65

// Barnes J, 2000: Linear Transformation vs. Linear Reference
// Subjects=6
-4.8	-57.03	42.03
-16.54	-75.59	37.03
8.07	-56.53	47.42
26.21	-75.33	36.52
53.66	12.6	28.83
1.54	-52.22	34.87

// Corbetta M, 2000: Cue
// Subjects=13
-24.98	-65.73	55.26
-25.03	-55.32	52.16
-22.97	-67.08	37.51
-27.26	-76.08	31.62
30.59	-56.59	58.32
24.21	-62.97	58.93
32.53	-71.84	26.12
55.83	-56.32	4.48

// Corbetta M, 2000: Target
// Subjects=13
-24.98	-63.61	55.08
-25.06	-55.67	47.73
-27.3	-78.71	25.15
36.94	-48.44	53.1
30.46	-71.16	35.01
58.06	-44.36	21.29
9.11	-73.24	37.66
-7.93	-70.54	46.55

// Corbetta M, 2000: Valid - Invalid
// Subjects=13
43.34	-44.17	52.67
58.16	-47.74	32.72
62.27	-45.02	12.38
9.14	-75.18	40.05
-3.7	-71.03	39.85

// Corbetta M, 1998: Attention vs. Fixation
// Subjects=6
28.49	-56.26	62.77
-25.01	-52.87	56.41
19.95	-62.83	61.19
-18.48	-60.43	68.12
30.46	-75.57	33.15
-25.16	-76.41	27.16
45.3	-2.03	46.88
-35.91	-4.63	48.03
38.73	2.9	28.7
32.58	3.32	62.19
-27.34	-8.81	48.28
-3.78	5.05	60.23
13.44	-4.57	71.99
-36.18	32.06	27.11
49.33	35.03	30.34
62.16	6.59	19.2
45.13	-43.35	7.97
47.36	-68.72	10.07
30.36	-89.8	14.27
45.22	-77.53	6.38
32.29	-85.32	-10.67

// Corbetta M, 1998: Attention vs. Eye Movement
// Subjects=6
41.21	-41.9	54.73
17.82	-64.96	61.4
32.6	-75.55	33.12
38.88	0.05	46.78
49.5	-.58	37.79
32.53	0.69	55.72
0.43	8.79	53.18
4.84	-5.13	65.45
36.37	48.9	18.18
51.45	8.47	16.94
38.54	11.94	7.87
-32.04	21.92	5.61
64.37	-49.75	6.06
47.34	-68.89	7.86
17.55	-98.5	12.91
-22.99	-98.06	22.26
42.98	-91.78	-12.48
38.56	-71.34	-23.06
-36.38	-51.32	-32.8

// Gitelman D R, 1999: Posner Task vs. Baseline
// Subjects=12
-21	-60	51
27	-60	57
-6	-60	57
3	-54	57
-27	-6	42
51	0	36
-33	27	-9
36	27	-6
-3	9	45
3	18	39
0	24	24
63	-39	12
-45	-69	-6
51	-60	-6
-33	-87	-3
48	-69	-24

// Hopfinger J B, 2000: Leftward-Directing Cue
// Subjects=6
-16	48	36
-44	36	16
-20	-4	52
24	0	56
-16	-52	56
24	-40	56
-44	-64	32
-44	-48	36
40	-68	28
36	-48	36
-12	-44	28
8	-36	28
-60	-24	8
48	-12	8
-36	-76	8
32	-80	8
-28	-4	12
28	-8	16

// Hopfinger J B, 2000: Rightward-Directing Cue
// Subjects=6
-16	48	36
-44	36	16
-20	0	48
24	4	52
-16	-56	56
20	-40	52
-40	-64	28
-40	-48	32
40	-64	32
32	-48	32
-8	-44	32
4	-40	28
-56	-24	8
48	-12	8
-36	-76	4
24	-84	8
-28	-8	16
24	0	16

// Hopfinger J B, 2000: Cues > Targets
// Subjects=6
-16	48	36
-52	32	16
-32	16	48
20	8	48
-12	-56	56
8	-40	56
-44	-64	32
-44	-48	32
44	-60	36
36	-44	32
0	-40	44
4	-44	32
-56	-24	8
48	-12	8
-36	-76	4
28	-80	0
-28	-8	20
24	-8	12

// Hopfinger J B, 2000: Attended Left Target
// Subjects=6
4	8	52
-40	-16	56
32	-16	52
40	-4	52
-56	12	32
-36	28	4
44	12	24
32	24	4
-36	-36	56
28	-44	56
-24	-64	48
24	-60	60
-28	-68	32
-12	-64	8
-24	-48	0
-28	-60	-4
24	-76	28
36	-68	16
12	-60	0
20	-56	4
28	-48	-8

// Hopfinger J B, 2000: Attended Right Target
// Subjects=6
4	8	52
-36	-16	56
36	-20	56
36	-4	52
-52	12	32
-36	28	4
44	12	24
32	24	4
-36	-40	56
24	-48	56
-20	-68	44
20	-60	60
-28	-68	24
-12	-68	0
-24	-44	-4
-28	-60	-4
24	-76	28
36	-64	12
8	-60	8
24	-64	0
24	-40	0

// Hopfinger J B, 2000: Targets > Cues
// Subjects=6
0	4	52
-36	-16	56
36	-16	60
32	4	60
-56	8	32
-36	24	4
52	4	40
32	28	0
-28	-32	64
28	-48	56
-16	-72	48
12	-68	52
-28	-72	28
-8	-64	4
-24	-44	8
-28	-60	-4
24	-76	28
36	-68	20
4	-64	8
20	-56	4
24	-48	-16

// LaBar K S, 1999: Working Memory and Spatial Attention
// Subjects=11
24	-60	60
45	-45	51
-21	-60	48
-42	-48	45
54	12	30
-54	15	27
-42	3	33
0	12	45
-27	-3	45
36	6	48
51	3	42
-12	-9	15
-9	-3	9
15	-3	15
-30	-66	-39
-39	-57	-39
48	-57	-33
36	-66	-36
36	-75	-36
3	-51	-24
-48	-63	-6
-45	-54	-12
-60	-42	6
-54	-57	-6
42	21	-6
-54	15	-6

// LaBar K S, 1999: Spatial Attention
// Subjects=11
-48	-72	3
57	-54	3
54	-66	3
-30	-87	0
-42	-78	3
-24	-63	-3
33	-84	12
42	-81	0

// Ng V W K, 2001: Line Orientation:  Activation - Baseline
// Subjects=12
25.86	-70.13	-6.29
-16.45	-59.33	54.63
-47.78	7.22	37.14
-47.94	23.19	23.53
56.63	13.48	-1.39
56.83	12.19	23.25

// Thiel C M, 2004: Invalid - Valid Spatial Cues
// Subjects=15
27	-60	45
-12	-60	45
-36	-45	42
45	-69	15
27	9	45
-39	0	48
-36	24	33

// Thiel C M, 2004: Neutral Cues - No Cues
// Subjects=15
36	-57	-18
-36	-75	-3

// Thiel C M, 2004: Valid Cues - Neutral Cues
// Subjects=15
-9	15	33

// Vannini P, 2004: Detection vs. Control
// Subjects=10
27.36	-62.41	52.15
-20.73	-68.16	50.96
-43.29	-21.25	53.97
13.26	-85.5	16.33

// Winterer G, 2002: Target Identification vs. Fixation
// Subjects=6
-11.63	-24.03	1.43
16.16	-16.12	4.9
-3.85	-85.69	15.43
2.59	-85.39	18.68
-39.22	-71.69	6.86
41.99	-70.15	5.79
-4.98	1.47	41.59
3.66	-7.4	50.04
-21.09	-22.55	21.48
60.18	-37.92	21.84
-37.43	-10.41	-12.8
39.58	-13.66	-6.72
-54.44	4.61	3.98
-23.44	0.56	3.96
32.11	6.18	2.85
-18.04	-65.79	-15.07
10.83	-62.19	-12.36
-2.7	-3.58	58.71
2.55	15.23	53.73
-35.81	-22.27	53.97
36.88	-27.12	53.54

// Astafiev S V, 2003: Attention vs. Fixation
// Subjects=15
-25.02	-61.84	50.47
-29.24	-59.06	59.21
24.21	-62.97	58.93
28.39	-57.29	49.48
34.87	-56.57	58.27
-31.47	-49.02	51.7
43.41	-50	59.85
-16.43	-63.56	54.98
0.66	-52.54	58.32
4.9	-44.06	57.56
-29.45	-6.37	52.56
38.91	0.39	51.21

// Astafiev S V, 2003: Attention > Saccade
// Subjects=15
-1.45	-47.81	64.64

// Astafiev S V, 2003: Pointing > Attention
// Subjects=15
-42.32	-64	24.09
-55.17	-46.81	27.26
-55.42	-40.58	-2.26
-46.63	-5.04	43.73

// Beauchamp M S, 2001: Shifts of Attention vs. Fixation
// Subjects=9
-29.44	-3.99	55.71
33.61	-2.47	55.97
-42.44	1.79	35.3
44.14	2.48	36.48
-1.59	0.12	65.08
-26.07	-54.99	56.6
30.58	-56.76	56.1
-41.35	-71.62	7.99
47.33	-69.06	5.64
0.66	-63.46	54.78
3.66	-82.13	19.51
1.31	-78.82	-6.39

// Cabeza R, 2003: Regions Similarly Activated By VA and ER Tasks
// Subjects=20
5.67	33.31	25.64
49.96	21.45	22.7
49.47	19.94	-16.37
30.04	8.41	68.03
-2.6	5.47	49.83
-30.38	-52.5	62.76
30.12	-52.29	61.71
-30.49	-48.98	54.57
17.34	-29.54	-4.2
-15.08	-29.65	-3.64
-10.66	-16.9	6.23
9.85	-12.57	5.45
-15.08	-29.65	-3.64
17.35	-33.79	-3.78
-19.4	-29.67	-3.56
21.62	-29.83	-7.61
13	6.48	2.4
-10.82	5.98	-1.63
-31.38	-67.63	-18.65
33.39	-54.64	-21.04
-34.15	-90.37	13.9
-23.64	-86.03	-9.12
38.05	-88.27	-2.1
13.35	-82.86	11.23
-42.39	-16.28	60.5
-38.08	-13.07	60.11

// Cabeza R, 2003: VA > ER
// Subjects=20
-43.34	9.39	-9.26
-47.58	1.29	-3.9
45.32	5.87	-5.94
60.53	-2.17	-.92
-51.9	1.27	-3.83
60.67	-55.87	-1.21
-51.51	-74.58	11.51
45.84	-77.76	18.02
-14.76	-99.53	6.63
42.36	-85.07	-2.49
57.67	-29.99	23.17
-66.56	-25.97	27.13
34.4	-43.87	59.68
29.23	55.96	14.03
49.53	41.19	-7.26
54.07	2.37	2.1
54.58	12.7	43.65
60.56	11.21	4.48
10.48	1.99	57.79
-62.53	8	11.37
-6.78	-26.35	54.17
-18.51	-40.56	63.61

// Peelen M V, 2004: Cue - Neutral
// Subjects=19
3.52	14.21	40.42
54.71	11.29	25.58
-24.07	-3.7	58.97
34.72	-6.44	59.64
-.51	-48.12	46.81
57.04	-42.71	28.97
-.48	-77.44	39.23
-3.19	-77.9	-35.41

// Pesenti M, 2000: Orientation, Characters vs. Rest
// Subjects=8
-5.21	-88.74	-4.68
-13.9	-84.72	-7.17
-37.63	-78.01	-2.95
-43.47	-22.87	58.93
-39.37	-33.24	39.71
-32.53	-52.41	63.91
-20.94	-49.57	-44.15
-37.96	-52.02	-23.45
-20.28	-20.56	13.48
25.05	-90.76	-5
18.84	-95.29	15.73
38.12	-89.88	3.66
34.33	-57.46	52.06
5.4	-74.85	-17.44
42.1	-68.34	-18.71
22.52	-54.14	-26.51
22.19	-65.35	-54.53
1.04	-29.15	-10.68

// Pesenti M, 2000: Orientation, Digits vs. Rest
// Subjects=8
-5.2	-90.86	-4.47
-26.85	-86.89	-6.74
-37.66	-78.21	-5.17
-.92	-80.21	-5.6
-43.47	-22.87	58.93
-39.37	-33.24	39.71
-33.23	-57.7	7.29
-26.32	-4.08	52.29
-6.85	7.04	55.35
-16.59	-49.35	-42
-22.72	-53.26	-14.62
-22.56	-19.27	4.43
-16.12	-8.62	3.26
18.53	-88.86	-7.32
14.46	-95.72	11.36
40.25	-87.95	1.19
32.31	-56.43	63.2
38.05	3.66	16.81
7.56	-74.84	-17.48
44.26	-66.2	-18.96
22.55	-53.93	-24.29
24.35	-65.34	-54.56
1.01	-27.23	-13.11

// Pesenti M, 2000: Orientation, Digits vs. Orientation, Characters
// Subjects=8
37.74	16.69	-4.64
53.79	-66.11	50.34
55.86	-51.42	46.61
34.54	-58.14	67.81

// Pesenti M, 2000: Comparison vs. Orientation, Digits
// Subjects=8
-23.92	-65.76	58.36
-20.28	-103.68	-2.95
-11.68	-90.89	-4.36
-50.48	25.66	27.35
-32.81	0.15	51.99
-61.01	-.78	43.59
33.64	-99.86	-10.97

// Pesenti M, 2000: Comparison vs. Orientation, Characters (Masked with 
// Comparison vs. Rest)
// Subjects=8
-35.02	4.19	49.38
-23.93	-63.64	58.15
-41.34	-53.68	50.74
23.59	-65.8	55.31

// Pesenti M, 2000: Addition vs. Orientation, Characters (Masked with Addition 
// vs. Rest)
// Subjects=8
-17.61	9.54	59.76
-48.12	3.1	38.51
-26.45	8.06	44.37
-41.37	-51.77	48.3
-28.23	-67.91	58.64

// Corbetta M, 1993: LVF/LD - FPT
// Subjects=24
19.88	-59.11	54.19
-24	-50.2	49.49
-47.71	-54.68	21.14
-11.17	-64.38	43.84
16.49	-42.36	37.21
-20	-77.21	2.64
-28.33	-25.56	51.93
-1.67	-10.6	50.37
13.01	-68.35	-9.64
16.25	-86.65	-12.6
-52.23	-7.81	8.34
-14.84	-29.59	-1.42
10.83	-16.06	6.08
7.71	-10.83	19.06

// Corbetta M, 1993: LVF/RD - FPT
// Subjects=24
20.96	-61.22	54.36
-24	-50.2	49.49
-30.4	-57.81	47.97
19.69	-12.76	48.08
-50.9	-64.39	19.76
-47.71	-45.88	24.86
-52.12	-47.28	7.19
-7.95	-64.19	46.02
-45.37	-68.99	42.39
-26.2	-23.44	51.73
-3.82	-8.5	50.22
6.61	-72.62	-9.21
19.45	-84.51	-12.82
-43.75	-4.05	1.23
-11.54	-27.49	11.75
-10.49	-31	7.57

// Corbetta M, 1993: RVF/LD - FPT
// Subjects=24
19.86	-61.57	49.94
-19.68	-66.21	48.55
17.48	-6.94	40.92
-49.8	-68.44	22.32
-49.98	-47.27	7.16
25.79	-62.1	-12.54
-28.35	-21.33	51.58
1.49	-4.41	47.58
10.87	-58.5	-5.98
12.94	-54.77	-13.01
7.74	-83.01	-6.12
17.32	-84.36	-10.57
-14.73	-80.15	-8.33

// Corbetta M, 1993: RVF/RD - FPT
// Subjects=24
23.02	-64.18	43.43
-14.36	-66.35	46.27
14.36	-11.56	50.27
-54.35	-46.03	-4.04
-28.36	-23.62	49.54
-1.72	-6.71	45.58
16.2	-64.1	-10.03
1.31	-83.22	-8.26
-14.74	-79.09	-8.42
-6.19	-68.12	-4.97
-45.9	-1.94	1.08

// Corbetta M, 1993: LVF/LD - LCD
// Subjects=24
-26.14	-50.21	49.51
-23.1	-.33	47.52
-9.99	-73.04	55.7
-13.22	-71.11	53.35
-5.81	-84.96	38.81
16.7	-65.48	54.76
9.21	-63.41	54.67
-43.21	-47.86	53.97
-40.12	-53.44	36.56
0.28	6.19	33.33

// Corbetta M, 1993: LVF/RD - RCD
// Subjects=24
19.87	-59.28	51.98
-16.52	-54.56	47.54
-26.31	-2.63	45.52
-4.78	-74.38	37.91
-3.9	-92.8	5.99
-44.31	-70.13	41.35
-26.1	-68.53	46.59
-37.59	-58.24	-53.4
24.02	-69.26	32.69
19.87	-59.28	51.98
-1.86	12.69	35.04
-3.95	12.14	41.8

// Corbetta M, 1993: RVF/LD - LCD
// Subjects=24
24.07	-68.75	39.34
23.06	-59.44	49.72
-19.66	-71.5	48.99
19.63	-4.64	42.93
-13.19	-73.06	55.74
-7.98	-57.85	45.48
16.64	-63.88	47.94
8.17	-75.22	53.45
-10.3	-7.11	41.25
-1.84	6.35	35.57
7.77	-3.63	29.6

// Corbetta M, 1993: RVF/RD - RCD
// Subjects=24
23	-68.75	39.35
-20.78	-68.67	44.31
-17.54	-68.31	48.7
20.69	-6.92	40.88
-10.01	-71.09	53.31
8.12	-75.73	46.8
-3.93	3.51	40.29

// Corbetta M, 1993: LCD - FPT
// Subjects=24
-24.21	-95.21	4.19
-30.74	-75.67	-4.06
-24.28	-77.23	2.69
-26.44	-69.84	2.09
19.38	-62.14	-12.46
22.66	-77.81	-8.95
34.43	-85.31	-10.69
16.36	-83.33	2.73
-28.34	-24.51	51.84
-1.66	-12.72	50.55
4.76	-12.51	52.69
16.16	-58.98	-12.69
19.38	-62.14	-12.46
22.66	-77.81	-8.95
-11.56	-67.27	-7.22

// Corbetta M, 1993: RCD - FPT
// Subjects=24
23.85	-95.26	-.81
22.82	-97.04	3.81
31.45	-133.46	0.07
31.31	-81.13	2.38
-19.99	-79.32	2.81
-21	-85.33	7.79
-29.65	-72.15	0.09
-14.81	-59	-10.1
19.31	-48.56	-15.83
16.13	-50.53	-13.4
-32.83	-75.17	2.61
-32.68	-82.43	18.83
-32.65	-21.7	47.2
6.88	-10.55	50.27
1.49	-8.81	45.72
10.88	-63.88	-6.64
20.57	-86.11	-6
17.3	-78.01	-11.11
0.27	-81.83	-3.9
-11.53	-80.13	-8.37
-6.18	-82.21	-8.25
-54.33	-45.86	-1.83
-54.31	-45.69	0.39

// Giesbrecht B, 2003: Foveal, Location
// Subjects=10
-8	0	55
-49	-4	30
26	-8	50
-23	-71	50
-38	-45	40
26	-56	45
-49	-64	-10
-23	-94	-10
38	-79	30
34	-83	15
38	-86	-15
-38	15	5

// Giesbrecht B, 2003: Foveal, Color
// Subjects=10
-4	4	55
-34	-8	50
-53	0	30
45	8	25
-23	-68	45
30	-56	40
-26	-90	-5
-41	-68	-10
38	-83	-15
45	-60	-20
-34	19	10
-19	-38	-5

// Giesbrecht B, 2003: Peripheral, Location
// Subjects=10
-11	0	55
-26	-11	50
-45	-8	35
-49	4	30
45	0	45
-23	-68	45
26	-64	35
-41	-68	-15
34	-83	15
49	-56	10
-34	15	5
34	23	5

// Giesbrecht B, 2003: Peripheral, Color
// Subjects=10
-8	0	55
45	-4	45
-41	-8	40
-45	4	30
15	-68	50
26	-56	45
49	-49	15
53	-64	5
-53	-64	-10
41	-56	-20
-41	-53	-25
-38	15	10

// Giesbrecht B, 2003: Conjunction of Location and Color, Foveal
// Subjects=10
-49	-4	30
-30	-11	45
-8	0	55
-30	26	-5
30	-56	45
-30	-56	45
-38	-45	40

// Giesbrecht B, 2003: Conjunction of Location and Color, Peripheral
// Subjects=10
-11	0	55
-34	-8	50
-45	-8	40
-49	4	30
45	0	45
-8	-56	45
26	-56	45

// Giesbrecht B, 2003: Foveal, Location > Color
// Subjects=10
-26	-4	55
23	0	50
-30	-11	45
-45	-4	40
-15	-64	55
-34	-45	45
23	-56	45
34	-79	25

// Giesbrecht B, 2003: Foveal, Color > Location
// Subjects=10
49	-71	-5
-34	-83	-15
-38	-68	-15
45	-79	-15
41	-64	-20
-34	26	0

// Giesbrecht B, 2003: Peripheral, Location > Color
// Subjects=10
-23	-8	50
23	-8	50
-15	-64	55
23	-60	50
38	-79	35

// Giesbrecht B, 2003: Peripheral, Color > Location
// Subjects=10
-45	-64	0
-45	-60	-15
-34	4	25
-38	11	5

// Kim Y H, 1999: Spatial Priming > Control
// Subjects=10
0	6	48
45	-3	51
-39	-6	51
27	-48	42
-30	-45	39
60	-39	12
-45	-60	-9
54	12	-3
-36	18	9
12	21	30
0	-24	24
39	42	24
-42	-18	51
15	-6	12
-12	-18	12
27	6	-6
-27	3	-3
27	-57	-24
-21	-66	-21

// Kim Y H, 1999: Central Expectancy > Control
// Subjects=10
0	6	51
42	-3	54
-42	0	54
33	-51	60
-39	-45	57
63	-42	12
-54	-51	6
48	21	-6
-39	15	3
12	21	30
0	-18	24
36	42	24
-42	-15	54
9	-18	9
-6	-18	9
27	6	-6
-27	6	0
27	-51	-27
-36	-63	-27

// Kim Y H, 1999: Spatial Priming and Central Expectancy
// Subjects=10
0	6	48
42	-3	54
-42	3	33
33	-54	51
-30	-48	45
60	-39	12
-51	-51	12
42	24	-6
-45	-3	3
12	21	30
3	-24	24
39	42	24
-42	-12	54
12	-15	6
-6	-18	9
27	6	-6
-27	3	0
27	-54	-24
-39	-60	-27

// Kim Y H, 1999: Central Expectancy > Spatial Priming
// Subjects=10
-39	-45	57
54	-54	3
-54	-51	6

// Law I, 1997: Saccadic Suppression - Fixation
// Subjects=9
7.6	-63.58	-11.87
22.77	-60.98	-7.9
-5.27	-87.02	-9.33
38.07	-90.29	-.78
-29.46	51.99	-13.71
-41.87	-62.09	6.75
44.29	6.28	-1.48
42.43	4.1	21.18
-30.75	-55.31	32.79
-22.17	5.53	40.07
49.15	-.6	39.46
-21.86	-62.12	51.24
23.52	-46.66	53.42
1.74	-2.07	49.38

// Szameitat A J, 2002: Visual single task (VIS) > Baseline
// Subjects=11
-26	32	29
13	41	42
-7	-10	56
37	-4	52
46	4	41
-47	2	32
-31	-10	56
-35	-25	56
-38	-3	15
43	12	6
50	-44	27
-53	-26	23
34	-46	58
-16	-70	60
-20	-89	5
-20	-89	4
-14	-21	16
23	-52	-12

// Szameitat A J, 2002: Dual task (DT) fixed > Baseline
// Subjects=11
-44	16	38
-35	41	8
-38	33	16
-41	32	24
-38	24	32
-38	2	42
-20	-1	54
41	30	32
20	0	57
-10	-71	64
-32	-55	48
28	-66	50
-49	-55	3
-13	-55	-9

// Szameitat A J, 2002: DT random > Baseline
// Subjects=11
-41	14	42
-37	40	9
-38	33	16
-41	32	24
-38	24	32
-38	2	42
-20	-1	54
40	30	32
31	55	18
20	2	56
-4	19	50
29	19	7
-26	19	7
-8	-71	54
-31	-55	48
28	-54	51
-49	-55	3
46	-62	-1
1	-61	10
-11	-44	24
-13	-7	10
8	-18	19
7	-27	3
-5	-29	-5

// Szameitat A J, 2002: DT random > DT fixed
// Subjects=11
-34	12	33
-35	45	13
-38	40	17
-41	29	25
-38	24	32
-41	5	39
-29	-7	53
35	12	33
25	53	20
-2	19	50
29	21	4
-29	16	11
-10	22	37
-8	-69	51
20	-68	44
41	-47	40
-50	-45	36
-46	-68	0
44	-62	-1
58	-25	2
1	-54	-6
-8	-45	21
-8	-8	7
5	-8	7
5	-27	3
-7	-27	3

// Christoff K, 2004: Arrows vs. Rest
// Subjects=12
-44	-18	48

// Henke K, 1997: Single Item Learning - Perceptual, Activations
// Subjects=12
37.67	-45.16	-23.17
42.53	-82.65	11.83
22.86	-53.77	0.35
-35.8	-45.42	-21.89
-40.15	-52.23	-25.63

// Leung H C, 2002: Late Delay
// Subjects=6
41.8	32.27	22.86
36.39	50.22	21.41
41.68	45.25	11.73
40.62	22.27	3.64
42.67	22.48	-7.56
18.7	6.75	66.52
-39.54	44.76	12.71
-8.07	0.54	57.32
49.46	5.6	35.04
50.45	5.89	24.97
22.12	-49.27	71.18
24.2	-55.32	61.63
42.2	-30.6	49.31
-26.22	-2.75	57.8
-50.07	2.4	16.38

// Leung H C, 2002: Main Task Effects
// Subjects=6
41.8	32.27	22.86
36.39	50.22	21.41
41.68	45.25	11.73
40.51	49.76	1.33
40.62	22.27	3.64
42.67	22.48	-7.56
18.7	6.75	66.52
10.09	2.76	56.92
49.46	5.6	35.04
50.45	5.89	24.97
22.12	-49.27	71.18
24.2	-55.32	61.63
42.2	-30.6	49.31
-26.22	-2.75	57.8
-49.92	3.94	36.32
-20.67	-57.7	62.34
-42.22	-30.05	50.24
-39.54	44.76	12.71

// Leung H C, 2002: Time Effects
// Subjects=6
41.8	32.27	22.86
7.83	14.66	45.91
10.09	2.76	56.92
-36.27	49.78	22.28
-6.16	19.01	34.56
-8.07	0.54	57.32
53.58	4.08	15.05
42.2	-30.6	49.31
-39.01	-11.28	58.66
-6.99	-87.22	23.4

// Leung H C, 2002: Interaction Between Task and Time
// Subjects=6
42.2	-10.8	57.69
-36.27	49.78	22.28
42.2	-30.6	49.31

// Grezes J, 2002: Perception of Objects, Irrespective of the Task
// Subjects=10
6	-6	72
-52	-44	30
-6	-48	24
18	-18	22
-40	28	8
-58	-2	6
-50	-68	4
48	-62	-48

// Grezes J, 2002: Upright/Inverted vs. Control
// Subjects=10
12	22	24
42	44	24
46	-66	16
58	24	-4
48	-28	-6
28	-2	-8
50	-4	-20

// Grezes J, 2002: Motor Imagery vs. Control
// Subjects=10
-30	-10	52
-6	-68	44
-34	38	34
18	32	28
66	-52	20
52	24	-2
24	-6	-4

// Grezes J, 2002: Silent Verb Generation vs. Control
// Subjects=10
-56	-8	44
-48	-62	32
-32	40	32
-46	16	6
-62	-42	0
-36	-30	-18

// Grezes J, 2002: Silent Noun Generation vs. Control
// Subjects=10
-56	-6	44
-32	38	34
-48	16	10
-56	-30	2
-36	-30	-16

// Fink G R, 1997: Global vs. Local
// Subjects=10
18.63	-77.19	2.73

// Fink G R, 1997: Local vs. Global
// Subjects=10
-22.45	-101.56	-3.12

// Fink G R, 1997: Large vs. Small Stimuli
// Subjects=10
-.83	-90.43	-.11
18.84	-86.57	17.11

// Fink G R, 1997: Small vs. Large Stimuli
// Subjects=10
-26.82	-101.99	-7.48
31.57	-101.37	-4.06

// Bird G, 2006: Attended Faces > Unattended Faces, Normals
// Subjects=16
44	-46	-20
44	-78	-8
-44	-52	-20

// Bird G, 2006: Attended Houses > Unattended Houses, Normals
// Subjects=16
30	-44	-12
-28	-46	-12

// Hariri A R, 2003: Match Pictures vs. Match Forms
// Subjects=11
26	-5	-12
-22	-5	-12
-45	18	-5
45	18	-5
-45	23	17
23	48	-10
-23	48	-10

// Hariri A R, 2003: Match Pictures > Label Pictures
// Subjects=11
26	-8	-12
-26	-8	-12
38	-41	-11

// Hariri A R, 2003: Positively Correlated (with response to the left 
// amygdala)
// Subjects=11
24	-6	-16
-40	18	12
-24	-70	-12
32	-52	-12

// Hariri A R, 2003: Negatively Correlated (with response to the left 
// amygdala)
// Subjects=11
34	44	4
0	30	28

// Trojano L, 2002: Coordinate Judgment vs. Syllable Counting
// Subjects=7
-16.37	-69.48	61.05
24.18	-65.43	54.67
-42.26	-35.93	42.92
41.17	-42.32	49.19
40.88	18.41	36.3

// Trojano L, 2002: Categorical Judgment vs. Syllable Counting
// Subjects=7
-14.27	-69.81	56.6
17.83	-69.27	60.64
-50.72	-46.05	50.56
50.78	-44.47	48.15

// Ohnishi T, 2006: Maze vs. Control
// Subjects=28
-26	-30	-25
-20	-35	-4
-14	-58	7
-16	-65	51
-8	-91	3
-14	-61	53
-36	-39	41
-44	-63	-22
-44	-81	10
-3	-35	-3
34	-38	-27
21	-37	-5
20	-57	19
16	-65	53
16	-97	3
30	-56	53
36	-45	41
32	-59	-17
50	-68	-5
12	-80	-8
3	-22	-4
51	16	26

// Ohnishi T, 2006: Good Navigators > Poor Navigators
// Subjects=28
-16	-29	-5
16	-35	-3
-8	-54	52
10	-52	49

// Ohnishi T, 2006: Poor Navigators > Good Navigators
// Subjects=28
59	-48	45

// Ohnishi T, 2006: Positive Correlation between Task Performance and Brain 
// Activity
// Subjects=28
-16	-30	-9
-20	-29	-4

// Ohnishi T, 2006: Positive Correlation with SDQ-S
// Subjects=28
-17	-33	-6
-26	-32	-2
20	-31	-5
28	-32	-3

// Ohnishi T, 2006: Negative Correlation with SDQ-S
// Subjects=28
-40	-69	50
41	-50	48

// Ghatan P H, 1995: Perceptual Maze vs. Rest, Increase in rCBF
// Subjects=8
31.51	-94.39	23.56
49.71	-76.34	35.22
49.31	-51.93	-6.97
44.35	-48.02	44.06
49.68	-31.7	48.2
49.81	-52.25	57.73
33.45	28.74	46.67
6.78	15.89	48.05
54.6	30.95	18.36
38.43	28.34	-.19
6.64	30.89	35.64
-1.99	-74.33	-16.77
-25.16	-84.16	23.35
-27.16	-71.71	46.87
-46.8	-68.37	-4.49
-46.5	-32.27	49.36
-24.99	-56.04	56.68
-19.95	19.96	48.02
-25.26	13.75	50.83
-46.54	-10.7	53.12
-3.91	15.82	48.18
-4	17.08	36.92
-36.25	-64.21	-20.57

// Ghatan P H, 1995: Motor Control vs. Rest, Increase in rCBF
// Subjects=8
60.13	-61.5	5.97
28.48	-57.4	61.76
28.07	37.16	46.02
4.71	13.3	56.1
4.52	31.05	37.88
-1.76	-93.93	4.95
-46.79	-79.28	-8.03
-46.7	-72.8	7.03
-33.55	-41.91	61.17
-52.5	48.77	-3.09
-38.42	17.82	8.26
-16.71	26.92	55.2
-1.7	13.26	56.18
-42.35	4.93	48.42
-42.27	-16.22	50.19
-14.8	30.08	27.04

// Ghatan P H, 1995: Perceptual Maze vs. Motor Control, Increase in rCBF
// Subjects=8
37.76	-88.41	4.03
36.95	-76.87	43.22
38.64	-51.82	-4.63
49.7	-25.98	53.3
33.75	-47.23	55.27
38.78	28.68	45.5
36.49	35.84	28.19
38.39	22.45	-7.51
5.48	35.49	26.35
-34.91	-88.84	4.9
-25.03	-69.58	46.66
-41.48	-57.59	-3.22
-46.48	-26.56	54.45
-25.01	-52.87	56.41
-36.02	28.23	46.39
-35.87	-5.35	52.55
-41.54	35.2	26.91

// Gusnard D A, 2003: Correlation between Personality Trait (Persistence) and 
// Percentage of Neutral Images in Image Set
// Subjects=24
4.23	39.05	3.76
-12.83	10.77	-2.59
-27.91	13.89	-16.06
49.07	16.97	-10.52
8.54	6.5	-4.71

// Petrovic P, 2000: Main Effect of Pain
// Subjects=7
49.36	-23.17	50.65
44.55	-15.87	14.15
-63.53	-5.62	14.98
16.46	14.64	20.58
-9.59	29.02	15.12
-9.31	2.62	31.17
40.15	-9.92	9.16
-40	-2.94	-3.61
3.3	-24.06	-2.26

// Pfefferbaum A, 2001: Match-to-Center > Rest, Controls
// Subjects=10
-58.89	22.83	28.56
-16.27	14.9	-11.61
-25.21	3.76	5.22
-16.43	-4.85	5.7
-7.5	8.28	-11.67
6.92	37.77	-10.46
13.02	45.77	-5.64
33.78	29.93	-32.66
14.19	10.34	-13.81
26.9	30.62	-21.52

// Georgiou-Karistianis N, 2007: Simon Task Activations, Normals
// Subjects=17
-46	-44	50
34	-36	56
-4	2	56
10	4	58
-34	-16	56
50	-14	44
-26	4	8
22	12	4

// Kerns J G, 2006: Incongruent, Activations
// Subjects=26
-6.01	8.49	49.93
-45.34	-49.99	54.17
45.48	-34.21	57.38
-41.51	35.46	30.24
36.48	43.5	30.9

// Kerns J G, 2006: Regions on Conflict Trials Predicting Good Behavioral 
// Adjustments
// Subjects=26
-1.82	13.12	40.58

// Kerns J G, 2006: Regions Active during Good Adjustment Trials for Both iI 
// and iC
// Subjects=26
-45.82	32.89	24.93
-54.21	9.21	35.93

// Liu X, 2004: Simon Incongruent > Simon Congruent
// Subjects=11
-12	44	0
-34	36	10
32	60	26
30	42	44
12	32	62
26	18	36
-12	-66	74
-36	-44	70
22	-62	74
-46	-36	28
30	-80	-12
-16	-52	-6
-46	-78	34
48	-78	34
-14	-96	20
42	-10	-32
-36	-20	-20
32	-38	-2
-48	-54	-10
-64	-14	-26
58	-68	-2
-56	-26	-4
-44	-56	8
42	-60	8
44	-26	18
-38	22	-30
-32	0	-26
-36	-20	16
36	-10	-2
34	-12	16
-4	-30	72
-44	-32	68
40	-20	64
36	-18	50

// Liu X, 2004: Stroop Incongruent > Stroop Congruent
// Subjects=11
-32	42	10
-32	12	52
-30	42	-4
-44	-32	50
-6	-4	72
-28	-38	54
-42	-88	30
46	-58	-30
-24	-2	-44
26	-38	-18
-44	-50	-20
-40	-60	-2
40	-56	2
-54	16	-28
30	-32	22

// Liu X, 2004: Simon Incongruent > Simon Congruent and Stroop Incongruent > 
// Stroop Congruent
// Subjects=11
-6	-34	40
-36	10	52
-42	-84	36
46	-56	-28
32	-32	22

// Maclin E L, 2001: Incongruent > Congruent
// Subjects=8
4.75	-1.67	55.12
13.51	-71.93	54.22
38.5	57.63	20.77
34.84	-27.16	66.95
4.79	-92.44	23.7

// Rubia K, 2006: Simon Task, Adults
// Subjects=23
-51.32	27.97	3.1
-39.32	-35.4	8.27
33.94	50.21	-19.82
55.64	10.98	7.75
-38.5	35.71	5.65
-25.43	7.55	25.7
32.18	-4.05	8.17
8.7	-3.93	11.77
33.45	-52.51	14.45

// Rubia K, 2006: Simon Task, Adolescents
// Subjects=29
-58.69	-16.02	-.93
8.77	-55.89	0.52
-53.05	-7.36	41.77
-.41	68.18	-32.08
32.39	-39.23	21.15

// Wittfoth M, 2006: Motion-Based: Incompatible > Compatible
// Subjects=20
1.92	6.94	65.29
3.91	14.41	53.31
-.6	20.7	40.44
-13.03	-57.45	66.31
1.41	-68.01	9.96
-5.06	-82.17	8.11
-61.94	-26.96	50.68
-68.93	-19.88	12
78.08	-17.67	16
10.08	-86.37	8.27

// Wittfoth M, 2006: Location-Based: Incompatible > Compatible
// Subjects=20
-37.8	-69.37	-13.89
-29.21	-63.16	-16.89
14.35	-85.61	4.76
-4.85	-89.33	23.39
34.25	2.07	57.38
27.85	-1.69	63.46
55.29	-66.63	-1.18
40.86	-35.24	59.84
-4.68	6.08	56.52
34.15	-76.35	33.76

// Wittfoth M, 2006: Motion-Based + Location-Based: Incompatible > Compatible
// Subjects=20
10.08	-86.37	8.27
-.68	-83.87	12.69
5.72	-76.82	7.4
-2.52	8.22	56.28
3.9	15.48	53.21
-15.24	-53.41	63.71

// Wittfoth M, 2006: Conflict-Based Activity of the Motion-Based Simon
// Subjects=20
1.41	-68.01	9.96
-61.94	-26.96	50.68
4.07	9.07	65.04
-68.93	-19.88	12
-.6	20.7	40.44

// Wittfoth M, 2006: Conflict-Based Activity of the Location-Based Simon
// Subjects=20
-37.8	-69.37	-13.89
-29.21	-63.16	-16.89
-4.85	-89.33	23.39
-24.01	-1.87	64.36
53.1	-66.84	-3.36
34.15	-76.35	33.76
44.26	-69.49	-19.75

// Simon O, 2004: Visuospatial Tasks Only
// Subjects=10
-3	7	52
-25	-4	68
-12	-68	52
28	0	68
7	5	60
16	-70	56

// Simon O, 2004: Attention Only
// Subjects=10
-32	43	36
-5	-62	52
52	37	4
45	8	52
30	38	36
54	20	36
44	-40	56
8	-62	52
60	-44	36

// Simon O, 2004: Saccades + Pointing + Attention
// Subjects=10
-20	-82	44
-16	-80	48
32	-72	36
8	-66	60
21	-78	48

// Stern E R, 2007: Position - Neutral
// Subjects=14
32	46	-20
22	54	20
-2	6	48
38	-54	48
12	-72	48
-42	-40	48
12	-60	66
-32	-54	66
-36	-60	-30
26	-56	-26
-12	-62	-28
16	-12	16

// Stern E R, 2007: Position - Word
// Subjects=14
16	-68	42
-54	-44	44
34	-50	42
52	-66	-10

// Stern E R, 2007: Position - Neutral, Positive Correlation with Behavioral 
// Cueing Effect
// Subjects=14
36	46	40
-56	-64	22
64	-52	-4
12	-78	52
-22	-74	60
16	-62	70
36	-56	58
-42	-56	54
32	-64	32
28	-80	16
38	-92	-14
-22	-96	20

// Stern E R, 2007: Position - Neutral, Negative Correlation with Behavioral 
// Cueing Effect
// Subjects=14
50	-8	34

// Mobbs D, 2007: Cue, Predator vs. Cue, Yoked Control
// Subjects=14
13	32	-14
-6	41	22
-8	18	30
-29	48	-6
-4	39	-13
6	49	-19
3	54	-4
40	20	28

// Mobbs D, 2007: Predator - Yoked Control
// Subjects=14
3	-25	-7
-2	-28	-8
-5	-63	-13
3	-22	11
-17	2	25
16	-13	20

// Mobbs D, 2007: Yoked Control - Predator
// Subjects=14
-5	48	17
3	37	-9
22	-2	-18
28	-6	-27

// Mobbs D, 2007: Chase, Predator, High Correlated with a Distal Predator-Prey 
// Distance
// Subjects=14
-8	35	-13
-5	27	-14
32	-4	-24
16	16	2
45	34	-8

// Mobbs D, 2007: Chase, Predator, Low Correlated with a Distal Predator-Prey 
// Distance
// Subjects=14
-10	38	-11
-31	-2	-25
2	42	6

// Mobbs D, 2007: Chase, Predator, High Correlated with a Proximal 
// Predator-Prey Distance
// Subjects=14
-3	-33	-15
8	-32	-21
32	4	-13
60	18	8
2	-27	-28
7	20	30

// Mobbs D, 2007: Chase, Predator, Low Correlated with a Proximal 
// Predator-Prey Distance
// Subjects=14
6	-33	-14
5	28	17
8	59	-1
-10	16	13
20	7	10
30	47	27

// Mobbs D, 2007: Chase, Predator, High - Chase, Predator, Low
// Subjects=14
37	33	9
38	-13	-17
-3	-32	-15
-23	0	-15

// Mobbs D, 2007: Chase, Predator, Low - Chase, Predator, HIgh
// Subjects=14
-1	51	-1
15	54	20
-35	39	8
31	-4	-23
-32	-73	-14

// Mobbs D, 2007: Chase, Predator, High Correlated with Increased Dread of 
// Capture
// Subjects=14
-1	-26	-19
7	-20	-15
18	58	7
5	42	15
5	42	-13
49	38	11
11	-32	-18

// Mobbs D, 2007: Chase, Predator, Low Correlated with Increased Dread of 
// Capture
// Subjects=14
-3	61	12
0	-28	-19
-5	-32	-18
-9	-32	-32
-36	45	-2
-3	-61	-32
29	-57	-28

// Mobbs D, 2007: Chase, Predator, High Correlated with Decreased Dread of 
// Capture
// Subjects=14
0	17	26
24	11	1
-45	-66	-8
-20	10	-11
34	-40	-6
-31	24	-4
3	38	-17

// Mobbs D, 2007: Chase, Predator, Low Correlated with Decreased Dread of 
// Capture
// Subjects=14
23	-2	16
57	-24	-11
42	-76	-13
-39	34	15
35	49	-1
-4	29	-8
-3	48	24
-3	-33	-5

// Mobbs D, 2007: Chase, Predator, High Correlated with Increased Confidence 
// of Escape
// Subjects=14
27	7	-16
19	-7	-24
-11	16	-7
17	47	-4
-5	44	30
34	22	-10

// Mobbs D, 2007: Chase, Predator, High Correlated with Decreased Confidence 
// of Escape
// Subjects=14
2	-29	-19
6	24	28
7	54	28
6	-26	10
-8	-19	4
49	-7	7

// Mobbs D, 2007: Chase, Predator, Low Correlated with Increased Confidence of 
// Escape
// Subjects=14
-2	34	-20
28	9	-25
12	51	-8

// Mobbs D, 2007: Chase, Predator, Low Correlated with Decreased Confidence of 
// Escape
// Subjects=14
-3	-37	-20
7	41	31

// Iaria G, 2008: Orientation Discrimination, Positive and Negative - 
// Orientation Discrimination, Neutral
// Subjects=10
-6	24	64
-44	34	-20
-46	-52	26
46	-48	-22
-60	-56	14
54	-70	-2

// Martin-Soelch C, 2001: Monetary Reward - No Reinforcement, Normals
// Subjects=9
-2	-32	80
36	48	10
34	0	24
16	56	-4
40	18	-6
38	16	-6
-30	16	-8
-14	10	28
10	-26	26
44	8	-22
46	-26	-14
46	-24	-12
-52	-76	14
-44	-84	-4
0	-102	2
14	-30	-6
0	-36	-18
28	8	-4
2	22	8
34	-62	-30
46	-56	-44
44	-74	-18
30	-44	-46
2	-62	-32
-12	-78	-30
-44	-62	-42
-36	-64	-22
-16	-46	-20
-8	-60	-32
-48	-52	-32

// Martin-Soelch C, 2001: Monetary Reward - Non-Monetary Reinforcement, 
// Normals
// Subjects=9
16	56	-4
64	-28	36
46	-26	-14
46	-24	-12
-24	-84	-4
4	-96	24
0	-102	2
28	8	-4
28	18	-2
8	-8	12
26	-30	16
48	-68	-34
2	-62	-32
-12	-78	-30
-44	-62	-42
-8	-60	-32
-48	-52	-32

// Martin-Soelch C, 2001: Non-Monetary Reinforcement - No Reinforcement, 
// Normals
// Subjects=9
34	0	24
40	18	-6
38	16	-6
-30	16	-8
-26	22	-22
-8	-40	30
10	-26	26
-44	8	-4
-44	-84	-4
14	-30	-6
0	-36	-18
34	-62	-30
0	-56	-46
-36	-64	-22
-60	-50	-26

// Kawabata H, 2004: Portraits vs. Non Portraits
// Subjects=10
44	-48	-24
-34	-6	-36
38	-6	-36

// Kawabata H, 2004: Landscapes vs. Non Landscapes
// Subjects=10
30	-46	-4
18	-72	50

// Kawabata H, 2004: Still Life vs. Non Still Life
// Subjects=10
-26	-96	6

// Kawabata H, 2004: Beautiful vs. Ugly
// Subjects=10
-2	36	-22

// Kawabata H, 2004: Beautiful vs. Neutral
// Subjects=10
-2	50	-20
-4	48	14
-54	-68	26

// Kawabata H, 2004: Ugly vs. Beautiful
// Subjects=10
-44	-26	60
28	-10	56

// Gobbini M I, 2007: Intentional Movement Animation vs. Random Movement 
// Animation, Activations
// Subjects=12
9.6	56.95	14.47
-50.18	27.61	12.04
54.47	31.87	2.67
4.71	20.96	58.8
-1.89	43.16	43.63
49.41	11.69	31.19
-48.1	-14.7	-12.32
-59.48	-58.18	18.22
51.6	-44.83	15.83
53.28	5.31	-24.08
-50.41	10.95	-24.48
46.14	-54.86	-3.34
-41.55	-56.07	-11.16
38.56	-56.02	-17.66
10.13	-48.48	41.14
-61.59	-31.53	32.74
49.48	-22.75	26.27
-24.62	24.62	-1.39
19.35	5.65	10.85
7.57	-22.14	-3.41
-28.82	-81.14	-33.73
15.9	-30.92	-35.11

// Gobbini M I, 2007: Point Light, Biological Motion vs. Point Light, 
// Scrambled Motion, Activations
// Subjects=12
46.97	31.56	-.56
40.81	14.38	25.48
49.32	39.35	31.1
64.44	-35.86	20.5
-54.18	-60.78	11.69
49.56	-75.76	15.1
47.28	-70.63	-.92
-45.61	-78.08	7.46
31.57	-64.13	43.33
-42.6	-68.05	-14.6
43.86	-44.36	-18.69
-14.73	-87.81	-11.03
-25.36	-100.47	-8.73
26.75	12.58	3.49
13.91	-71.2	-32.83

// Jacobsen T, 2006: Aesthetic vs. Symmetry
// Subjects=15
2.32	28.24	29.22
2.15	60.5	19.83
24.62	51.12	20.36
2.56	-14.35	42.83
-2.75	-45.81	35.49
-48.14	18.85	-5.1
50.14	26.84	-6.89
-45.12	0.52	-35.93
50.72	-55.01	35.65
-42.21	-58.48	40.35

// Jacobsen T, 2006: Symmetry vs. Aesthetic
// Subjects=15
-18.55	-53.46	61.96
25.3	-56.11	65.03
-31.46	-84.05	39.03
-25.21	5.46	53.75
28.12	13.56	43.54
-51.03	6.77	31.64
-25.36	-74.07	2.44
-5.99	-82.53	15.19

// Jacobsen T, 2006: Beautiful vs. Not Beautiful
// Subjects=15
3.23	59.54	21.01
-31.45	-86.17	39.21
-41.49	12.66	24.34
34.56	-82.8	8.05
15.37	-90.14	11.12

// Jacobsen T, 2006: Parametric Effects of Complexity for Aesthetic Judgments
// Subjects=15
-22.14	-83.82	-.13
-25.44	-58.46	-2.22
28.03	-68.72	-1.97
37.68	-77.12	-1.38

// Jacobsen T, 2006: Parametric Effects of Complexity for Symmetry Judgments
// Subjects=15
-22.1	-93.34	0.67
-28.63	-61.66	-1.91
31.2	-52.58	-0.02
18.53	-92.84	3.51

// Jacobsen T, 2006: Condition Specific Effects of Complexity for Aesthetic 
// Judgments
// Subjects=15
34.02	37.86	-14.32

// Jacobsen T, 2006: Condition Specific Effects of Complexity for Symmetry 
// Judgments
// Subjects=15
47.05	33.56	11.54
44.1	6.54	33.91

// Forstmann B U, 2008: Incongruent vs. Neutral
// Subjects=24
-30	-82	18
-38	-66	46
22	-78	56
54	12	32
66	-56	16
10	-80	4

// Forstmann B U, 2008: Congruent vs. Neutral
// Subjects=24
-30	-84	18
32	-86	18

// Lee T W, 2008: Activation Associated with Interference Effect of Emotion 
// Expression, Overall Interference
// Subjects=14
45	-24	48
50	17	-11
-3	9	55
-53	-29	10
65	-40	8
50	-24	-9
-21	-76	-11
-9	-71	31
36	12	-1
6	-32	4
24	-75	-37

// Lee T W, 2008: Activation Associated with Interference Effect of Emotion 
// Expression, Highest 20% Interference
// Subjects=14
39	-29	51
50	26	4
-3	17	52
-65	-43	15
62	-46	8
62	-35	-1
-24	-79	-14
6	-68	42
36	29	-4
12	-29	1
27	-75	-34

// Lee T W, 2008: Activation Associated with Interference Effect of Emotion 
// Expression, Lowest 20% Interference
// Subjects=14
53	-12	48
50	20	-11
53	-60	22
56	-43	2
-30	-88	-5
6	-68	31
50	9	-3
8	-20	4
28	-60	-27

// Lee T W, 2008: Discordant > Concordant
// Subjects=14
-53	13	24
-42	26	-4
48	23	-11
-30	25	37
45	25	26
42	14	55
9	-23	56
27	43	-15
-53	-38	7
-48	-44	-3
39	17	-11
-33	-83	-29
-3	-65	-27

// Lee T W, 2008: Activation Associated with Interference Effect of the Simon 
// Task
// Subjects=14
-12	48	22
42	16	38
50	-6	-2
30	-35	-8
45	-53	-20
-9	-71	42
-45	0	-3
-15	17	-6
27	17	-6
-33	-72	-39

// Sommer M, 2008: Incompatible > Compatible
// Subjects=12
-33.63	-10.82	64.14
33.32	37.31	33.68
-7.07	7.43	50.04
50.47	-60.92	0.46
-36.15	-65.39	-8.21
38.53	11.77	5.66
7.49	24.27	4.96
-14.76	-15.62	14.14
50.66	-32.55	37.11
-33.68	-54.2	39.9
18.78	-67.12	47.07

// Sommer M, 2008: Cognition Emotion Integration, Emotion x Compatibility
// Subjects=12
39.76	11.28	26.87
-20.2	45.99	26.88
35.25	46.18	10.61
1.46	7.31	47.72

// Wittfoth M, 2008: Incompatible > Compatible
// Subjects=15
55.36	15.94	20.91
58.46	31.29	12.61
56.33	40.31	17.36
64.62	16.91	-15.2
71.2	14.36	-8.34
50.7	-47.89	-18.64
52.95	-58.1	-13.19
-15.17	-55.12	68.36
-41.25	-39.88	60.57
-50.94	-39.71	62.96
-61.9	-26.65	54.01
49.43	-35.72	54.14
-37.66	-78.21	-5.17
-44.09	-82.18	-1.31

// Wittfoth M, 2008: Error, Compatible > Compatible
// Subjects=15
60.82	16.38	25.25
35.47	27.86	-11.31
46.35	21.93	-6.42
8.05	31.68	42.57
-.68	32.09	35.95
7.86	24.8	26.44
17.05	15.81	67.52
71.87	-34.22	34.55

// Wittfoth M, 2008: Error, Incompatible > Incompatible
// Subjects=15
-1.1	43.22	5.72
-.86	30.74	21.52
3.43	38.2	20.71
1.53	-14.57	30.45
35.35	18.21	-22.68
-42.3	10.25	-11.6
-9.01	-65.14	41.23
12.6	-65.06	40.86
6.38	-59.82	62.86
0.92	-14.78	-17.71
3.08	-14.77	-17.74
-7.49	-5.39	2.8
-3.12	-22.5	3.3
7.68	-22.46	3.11

// Wittfoth M, 2008: (Error, Compatible > Compatible) > (Error, Incompatible > 
// Incompatible)
// Subjects=15
60.78	18.3	22.82
62.81	22.79	13.38
58.99	-22.69	43.72
65.43	-22.98	40.28
53.63	-35.58	43.96
51.69	-28.4	63.46
-61.91	-34.41	51.42
-53.34	-29.47	46.3
-66.66	-15.75	21.64
-60.15	-22.1	22.16
-60.42	-64.57	-7.25
-41.94	-82.28	-2.45
58.55	-64.28	0.78
-48.67	-43.67	-14
-42.33	-52.34	-26.7
1.01	-76.44	-22.81

// Wittfoth M, 2008: (Error, Incompatible > Incompatible) > (Error, Compatible 
// > Compatible)
// Subjects=15
-13.77	48.65	30.06
-14.19	43.3	-4.15
-5.43	38.74	4
-35.14	12.07	41.88
14.34	55.44	32.27
25.05	42.74	22.13
-5.72	35.49	-19.21
5.05	36.39	-21.72
-69.34	-13.11	-18.92
66.62	2.6	-30.63
66.62	2.6	-30.63
-25.05	-15.19	-20.59
14.66	-49.41	35.91
-11.34	-50.03	30.81
-2.68	-43.3	33.36
-41.41	-63.02	42.7

// Wittfoth M, 2008: (Error, Compatible > Compatible) + (Error, Incompatible > 
// Incompatible)
// Subjects=15
3.8	32.18	48.19
35.41	23.08	-16.44
-46.62	10.24	-11.53

// Wittfoth M, 2008: (Error, Compatible > Compatible) + (Incompatible > 
// Compatible)
// Subjects=15
6.04	17.51	51.85
61.91	15.42	26.45
-60.73	-38.03	58.48
64.41	-34.58	42.56

// Wittfoth M, 2008: (Error, Incompatible > Incompatible) + (Incompatible > 
// Compatible)
// Subjects=15
6.04	17.51	51.85
61.43	22.73	-10.12
-46.65	17.68	-12.26

// Chang K, 2004: Visuospatial 2-back - Attention, Normals
// Subjects=10
40.19	-68.85	50.31
6	-62.37	54.62
5.62	30.34	42.39
46.02	35.04	17
-33.27	32.34	-10.86
-24.15	7.58	53.56

// Hoeft F, 2008: (Unfixed + Fixed Wall) > Rest, Males + Females
// Subjects=11
0	-11	52
36	37	31
26	7	53
36	42	15
-55	5	22
-51	2	37
44	-7	50
-32	-40	61
-55	-19	40
20	-59	55
-50	-28	27
-16	-59	55
-46	-74	-1
-40	-75	-15
44	-74	-6
46	-59	-7
-22	2	-3
-12	-3	11
-12	-18	-1
18	-13	12

// Matsumoto E, 2004: Uncrossed Incompatible > Uncrossed Compatible
// Subjects=20
-26	-2	56
26	-2	62
-12	-60	50
14	-36	64
-48	-30	44
-6	-62	62
28	-52	62
-54	-14	-2
58	-32	8
-44	0	0
34	14	-4

// Matsumoto E, 2004: Crossed Incompatible > Crossed Compatible
// Subjects=20
60	-18	42
-28	-2	54
28	-6	54
-58	-26	42
54	-22	38
-42	-30	44
40	-28	38
-10	-62	50
22	-60	58

// Matsumoto E, 2004: Incompatible > Compatible
// Subjects=20
-16	-8	60
20	-2	60
-32	-38	44
32	-36	42
-14	-66	52

// Matsumoto E, 2004: Crossed > Uncrossed
// Subjects=20
-46	-10	40
50	0	34
-2	12	64
26	-4	62
-8	-56	58
14	-42	58
-42	-26	2
58	8	-6
34	-24	10
28	4	8

// Matsumoto E, 2004: (Incompatible vs. Compatible, Uncrossed) + (Incompatible 
// vs. Compatible, Crossed)
// Subjects=20
24	-6	58
-18	-8	60
2	14	50
44	-28	40
-46	-30	44
-10	-58	54
22	-60	58
-6	16	30

// Righi G, 2010: Competitor > No Competitor
// Subjects=18
63.7	53.75	30.28
54.14	-1.77	14.98
2.98	9.23	38.06
51.04	-43.55	11.82
-51.57	51.17	48.55
34.71	-13.72	-13.91

// Righi G, 2010: First Run > Second Run
// Subjects=18
2.29	77.83	-24.56
-35.46	55.47	61.39
-55.27	65.82	-9.51
34.99	64.9	53.1
28.07	95.9	0.39
63.78	31.55	32.14

// Righi G, 2010: Second Run > First Run
// Subjects=18
2.63	55.02	10.8
41.31	73.94	45.57

// Yoo S S, 2007: Pictures > Fixation (Sleep Control)
// Subjects=14
-39	-81	-9
-9	-93	-3
-9	-78	-6
3	9	54
6	0	57
42	21	0
48	3	30
60	9	21
45	15	24
-42	3	30
-36	24	0
-33	24	-9
-36	33	-9
-45	18	15
-51	27	18
-33	-9	48
39	-24	51
-27	-66	51
-21	-30	-12
19	-7	-22

// Yoo S S, 2007: Pictures > Fixation (Sleep Deprivation)
// Subjects=14
-3	-90	-9
-12	-87	-18
9	-81	-15
6	9	51
-6	9	48
33	27	0
-30	27	-3
-45	9	30
24	-30	-6
18	-6	-18

// Gusnard D A, 2001: Externally Cued Condition (ECC) > Fixation
// Subjects=24
-1.74	8.43	48.77

// David N, 2006: 1PP > 3PP
// Subjects=13
-2	44	-8
-62	-20	-14
-56	-64	30
-28	-4	-12
-4	-24	44
54	6	-32
-32	34	-12
20	36	52
-12	-50	8
6	-10	48
-8	-52	30
-6	-88	30
-48	-10	-8

// David N, 2006: 3PP > 1PP
// Subjects=13
-34	-56	56
-44	8	34
88	2	54
2	-36	-40
18	-26	14
34	22	2
-36	22	2
4	16	46
-18	-22	12
40	56	6
32	-64	-50

// David N, 2006: ACT > PAS
// Subjects=13
-14	46	10
-10	40	46
-8	58	20
4	-56	-50
14	46	22

// David N, 2006: PAS > ACT
// Subjects=13
50	-72	2
-50	-58	16
6	-54	50
28	-78	40
-38	-46	-18
44	4	50
-52	22	34
-36	0	62
28	-82	12
58	-38	54
44	-52	54

// David N, 2006: ACT Using 1PP as a Search Volume
// Subjects=13
-14	46	10
-10	40	46
-14	-48	10
-14	-32	74
0	-28	46
10	56	32

// David N, 2006: Common for ACT and 1PP
// Subjects=13
-14	46	10
-10	40	46
-8	58	20

// David N, 2006: Common for PAS and 3PP
// Subjects=13
50	-72	2
-50	-58	16
6	-54	50
28	-78	40
44	4	50
16	-62	36
-52	22	34
46	18	36

// Bokde A L W, 2008: Location Matching vs. Attention, Healthy Controls
// Subjects=19
35.68	-83.42	13.67
16.6	-69.76	40.62
18.84	-57.72	58.55
31.58	-56.38	47.14
46.16	15.64	27.55
-37.13	-88.66	-6.24
-32.67	-83.4	20.03
-11.11	-60.44	53.54
-17.64	-70.48	34.39
-39.12	-37.66	34.11

// Bokde A L W, 2008: Location Matching vs. Face Matching, Healthy Controls
// Subjects=19
31.53	-76.62	33.22
12.45	-43.24	67.44
16.71	-66.45	55.96
-8.97	-62.54	53.69
-6.89	-67.53	44.05
-4.61	-66.06	62.86

// Devue C, 2007: Intact Own Body > Scrambled
// Subjects=28
-40	-72	-6
-48	-76	2
-44	-68	-20
46	-78	-2
40	-54	-22

// Devue C, 2007: Intact Own Body > Intact Colleague's Body
// Subjects=28
26	52	2
32	18	-16
12	26	32
-36	36	16
-36	12	-14

// Devue C, 2007: Intact Self > Intact Colleague
// Subjects=28
8	32	26
32	14	-12

// Vannini P, 2008: Visuospatial Task > Blank Clock, Normals
// Subjects=13
26.28	-70.25	47.24
-22.92	-62.17	46.02
-20.75	-79.42	42.98
34.73	-47.02	44.08
-32.61	-48.65	42.76
49.41	8.34	29.24
-45.7	8.91	31.4
49.41	8.34	29.24
-32.7	-10.07	46.22
10.05	14.63	42.54
-7.85	10.74	47.54
24.07	-85.29	31.8
-32.74	-85.25	9.93
-22	-95.53	13.68
31.42	-85.47	15.01
-30.49	-86.22	24.7
-46.7	-78.26	5.15
-32.01	21.12	9.03
7.38	-19.74	0.18
1.92	-18.68	0.6
-18.07	4.22	8.05

// McNab F, 2008: Spatial Working Memory > Spatial Working Memory Control
// Subjects=11
27	-69	51
21	-78	51
39	-42	42
27	-6	60
-24	-6	57
6	15	54
-42	-51	51
-24	-69	54
-33	-54	45
36	21	-6
45	15	-3
-33	21	3
-42	15	-6
48	6	27
48	21	33
57	6	36

// McNab F, 2008: Spatial and Verbal Working Memory Tasks
// Subjects=11
-42	-51	51
-33	-54	42
-42	-45	42
-42	-6	51
-6	12	51
6	12	54
30	-69	48
39	-48	48
36	-57	51
36	21	-6
45	15	-3
-33	21	3
-42	15	-6
45	3	30
51	27	33
42	39	21
33	-3	66
27	-6	60

// McNab F, 2008: Flanker Task and both Working Memory Tasks
// Subjects=11
30	-54	45
39	-45	51

// McNab F, 2008: Go/No-Go and both Memory Working Tasks
// Subjects=11
33	24	-6
45	15	-3

// McNab F, 2008: Stop Task and both Working Memory Tasks
// Subjects=11
33	24	-9
36	18	-3
45	15	-3
6	6	51
9	18	45
12	21	36
-33	24	3
-42	15	-6
-36	21	-6
27	-54	48
33	-57	54
39	-42	48

// McNab F, 2008: Go/No-Go, stop Task and both Working Memory Tasks w/ Oddball
// Subjects=11
33	24	-6
45	15	-3

// McNab F, 2008: Go/No-Go, Stop Task and both Working Memory Tasks
// Subjects=11
33	24	-6
45	15	-3

// Shikata E, 2003: Orientation Discrimination vs. Color Discrimination, 
// masked by Orientation Imagination and Movement
// Subjects=9
-36	-39	39
39	-39	39
-9	-75	54
21	-66	60
-30	-69	54
33	-69	51
-54	-42	45
51	-36	48
45	-24	36
-27	-75	33
36	-75	36
-54	-60	-18
51	-66	-12
-30	-12	57
36	0	60
51	9	27

// Paulus M P, 2001: Two-Choice Prediction Task vs Two-Choice Response Task 
// (Activations)
// Subjects=12
11.4	-72.03	57.16
-29.12	60.23	-1.54
-6.36	-76.84	52.97
31.19	49.21	11.52
44.93	-51.52	48.25
5.19	-55.37	48.8
36.44	21.64	2.73
9.87	-11.71	8.84

// Paulus M P, 2001: Activation with the Behaviorally Defined 
// Wins-Stay/Lose-Shift Reference Function (Activations)
// Subjects=12
51.42	-23.88	14.18

// O'Leary D S, 1997: Visual Attention - Auditory Attention
// Subjects=13
-28	-62	48
36	-3	43
-34	-74	-4
-25	-68	-19

// O'Leary D S, 1997: Attend Left (Auditory + Visual) - Attend Right (Auditory 
// + Visual)
// Subjects=13
-9	1	39
5	-43	40
-52	-31	43

// O'Leary D S, 1997: Interaction of Sensory Modality with Direction of 
// Attention, Attend Right Ear
// Subjects=13
-52	-27	6

// O'Leary D S, 1997: Interaction of Sensory Modality with Direction of 
// Attention, Attend Left Ear
// Subjects=13
44	-9	53

// O'Leary D S, 1997: Interaction of Sensory Modality with Direction of 
// Attention, Attend Right Visual Field
// Subjects=13
40	-1	-7
54	-34	-23

// O'Leary D S, 1997: Interaction of Sensory Modality with Direction of 
// Attention, Attend Left Visual Field
// Subjects=13
27	-57	46
-43	-24	46
22	0	49

// O'Leary D S, 1997: Ignore Auditory Stimuli, Attend Right Visual Field - 
// Rest
// Subjects=13
-47	-28	6
54	-24	6
-35	-74	-2
36	-73	-7
-28	-62	51
41	-4	40

// O'Leary D S, 1997: Ignore Auditory Stimuli, Attend Left Visual Field - Rest
// Subjects=13
-46	-28	8
55	-23	6
-34	-75	-3
37	-71	-4
29	-57	46
42	-2	41
-3	7	39
-40	-17	45
-30	-67	-17

// Rinne T, 2005: (Sound Attention + Picture Attention) vs. Infrequent Tones 
// at Irregular Intervals
// Subjects=12
-56	-18	4
58	-18	4

// Brooks J C W, 2002: Right Visual vs. Baseline Visual
// Subjects=18
43.25	12.01	2.45
-57.18	-1.11	5.46
-43.98	-17.9	20.35
69.56	-28.78	23.97
-66.67	-23.5	19.05
59.3	10.92	-10.04
7.89	25.01	28.66
-4.94	10.7	37.02
23.75	-59.58	-15.9

// Brooks J C W, 2002: Left Visual vs. Baseline Visual
// Subjects=18
39.95	14.88	-1.14
-37.78	11.72	3.86
49.92	-11.7	12.53
66.23	-19.63	18.64
62.58	7.95	-7.56
-60.55	4.43	-3.99
4.68	28.5	31.73
8.02	13.94	36.48
-1.7	10.71	36.96
-31.14	55.61	25.18

// Daniel R, 2010: Effect of Entropy
// Subjects=27
18	55	-13
45	49	-10
6	25	37
-6	25	37
-30	23	-4
30	23	-9
33	8	38
-42	4	27
-24	-1	44
15	-5	20
-9	-9	3
24	-27	-6
-30	-42	41
30	-42	41
54	-53	-5
-45	-53	-7
-12	-71	-17
12	-71	-17

// Daniel R, 2010: Effect of Training
// Subjects=27
24	46	-7
-36	27	13
33	23	-4
54	10	24
-6	23	43
6	23	43
-59	10	27
-9	9	13
12	-8	9
33	9	60
33	-87	7

// Daniel R, 2010: Negative > Positive Feedback
// Subjects=27
33	59	16
36	58	0
39	33	18
48	25	32
45	14	44
-33	53	17
30	46	-10
3	29	54
-3	29	54
42	20	-16
-33	14	-11
-59	-24	-6
62	-33	-11
36	-42	41
-36	-45	35
-3	-25	29
3	-25	29
12	-62	42
-12	-80	-16

// Daniel R, 2010: Positive > Negative Feedback
// Subjects=27
21	-52	69
15	-7	-22
12	11	-13
54	-6	50
27	-33	-14
24	-83	26
30	-16	-19
-24	-16	-22
42	-72	9

// Grinband J, 2006: Unmodulated Regressor Activations
// Subjects=10
2	38	38
-2	40	38
40	22	4
-36	24	4
14	10	8
-16	6	8
8	-12	-4
-2	-12	-2
28	10	58
-34	4	58
38	24	8
-40	24	10
46	16	26
-40	24	34
42	-62	4
-48	-68	-6
36	-28	46
-44	-40	48

// Grinband J, 2006: Uncertainty Regressor Activations
// Subjects=10
2	38	40
-8	36	36
36	26	8
-30	22	12
12	4	-6
-16	6	-4
6	-14	10
-8	-16	10

// Yoshida W, 2006: Goal-Search Task - Visuomotor Task, Activations
// Subjects=13
34	55	5
40	52	-3
2	30	32
34	-51	55
32	-61	46
13	-46	55
3	-12	-10
16	-4	-6

// Yoshida W, 2006: Correlation between Evoked Activity and Back-Track 
// Probability
// Subjects=13
2	31	33
26	-60	53
-24	-52	47

// Yoshida W, 2006: Correlation between Evoked Activity and Expected Hidden 
// Current Position Entropy
// Subjects=13
18	65	10
-8	42	29
-12	38	-7

// Tomasi D, 2009: Rested Wakefulness, Main Effect
// Subjects=14
0	12	51
-27	-3	60
21	0	57
-51	6	39
36	6	33
-15	-15	12
15	-18	15
-36	15	9
27	18	9
0	-21	-9
-30	-51	54
33	-54	60
-12	-69	57
21	-69	54
-3	-81	-9
12	-72	-15
-33	-72	-12
33	-72	-12
3	-45	-9
12	-57	-30

// Tomasi D, 2009: Rested Wakefulness, Load, 2 Ball to 4 Ball-Tracking
// Subjects=14
36	6	33
-15	-15	12
15	-18	15
0	-21	-9
-30	-51	54
-12	-69	57
3	-45	-9
12	-57	-30

// Tomasi D, 2009: Sleep Deprived, Main Effect
// Subjects=14
0	12	51
-27	-3	60
21	0	57
-51	6	39
36	6	33
-15	-15	12
15	-18	15
-36	15	9
27	18	9
0	-21	-9
-30	-51	54
33	-54	60
-12	-69	57
21	-69	54
-3	-81	-9
12	-72	-15
-33	-72	-12
33	-72	-12
12	-57	-30

// Tomasi D, 2009: Sleep Deprived, Load, 2 Ball to 4 Ball-Tracking
// Subjects=14
0	12	51
-27	-3	60
21	0	57
-51	6	39
36	6	33
0	-21	-9
-30	-51	54
21	-69	54
12	-57	-30

// Tomasi D, 2009: Sleep Deprived > Rested Wakefulness, Main Effect
// Subjects=14
-15	-15	12
15	-18	15
30	-12	15
3	-63	21
-6	-81	18
-9	-36	60

// Volkow N D, 2009: Rested Wakefulness, Main Effect
// Subjects=14
-27	-3	60
21	0	57
-51	6	39
36	6	33
-30	-51	54
33	-54	60
-12	-69	57
21	-69	54
-3	-81	-9
12	-72	-15
-33	-72	-12
33	-72	-12
-15	-15	12
15	-18	15
3	-45	-9
12	-57	-30

// Volkow N D, 2009: Rested Wakefulness, Load, 4 Ball Tracking > 2 Ball 
// Tracking
// Subjects=14
12	-57	-30

// Volkow N D, 2009: Sleep Deprived, Main Effect
// Subjects=14
-27	-3	60
21	0	57
-51	6	39
36	6	33
-30	-51	54
33	-54	60
-12	-69	57
21	-69	54
-3	-81	-9
12	-72	-15
-33	-72	-12
33	-72	-12
-15	-15	12
15	-18	15
12	-57	-30

// Volkow N D, 2009: Sleep Deprived, Load, 4 Ball Tracking > 2 Ball Tracking
// Subjects=14
21	-69	54

// Volkow N D, 2009: Sleep Deprived Main > Rested Wakefulness, Main Effect
// Subjects=14
-15	-15	12
15	-18	15

// Volkow N D, 2009: Sleep Deprived, Positive Correlation between BOLD 
// Activations and Accuracy
// Subjects=14
3	-81	-6
27	-72	-18
-12	-72	-18

// Volkow N D, 2009: Sleep Deprived, Negative Corrrelation between BOLD 
// Activations and Accuracy
// Subjects=14
-12	12	36
42	-21	21
-3	-66	42

// Volkow N D, 2009: Rested Wakefulness, Positive Correlation between BOLD 
// Activations and Main Effect
// Subjects=14
3	-81	-6
27	-72	-18
-12	-72	-18

// Volkow N D, 2009: Rested Wakefulness, Negative Correlation between BOLD 
// Activations and Main Effect
// Subjects=14
42	-21	21
-3	-66	42

// Volkow N D, 2009: Sleep Deprived, Positive Correlation between BOLD 
// Activations and Main Effect
// Subjects=14
3	-81	-6
27	-72	-18
-12	-72	-18

// Volkow N D, 2009: Sleep Deprived, Negative Correlation between BOLD 
// Activations and Main Effect
// Subjects=14
-12	12	36
42	-21	21
-3	-66	42

// Acuna B D, 2002: Transitive Inference - Visual Height Comparison
// Subjects=15
-50.88	-20.21	40.59
-31.88	-20.38	9.16
32.22	-15.77	8.04
41.96	-4.48	29.28
53.84	-19.58	39.33
0.47	-6.19	52.21
30.39	16	61.15
-23.03	0.36	56.39
13.26	-4.17	49.66
-59.76	4.83	7.37
2.3	82.99	49.17
23.72	74.83	51.84
-28.7	70.57	42.76
-18.94	24.91	43.13
-2.06	13.98	10.4
17.29	8.61	21.78
23.51	35.28	8.32

// Acuna B D, 2002: Visual Height Comparison - Passive Visual
// Subjects=15
4.71	11.1	55.17
-29.36	-27.34	56.55
-35.83	24.75	70.1
38.96	33.82	70.71
59.11	26.86	47.65
37.64	41.11	41.12
36.53	57.13	42.02
27.92	67.48	39.02
47.07	7.42	3.69
0.29	44.74	50.17
19.32	22.91	13.86
-6.35	18.18	10.09
27.82	2.73	-.16

// Bullmore E, 2003: Load Response Following Placebo
// Subjects=24
35.14	8.8	-18.59
37.32	7.05	-14.01
35.23	-5.66	-12.92
22.51	-32.17	-10.55
24.67	-30.76	-6.23
-4.46	44.15	-12.18
-10.83	44.54	-6.56
-10.8	43.74	-3.15
-8.62	40.92	1.52
-4.32	44.46	5.64
-5.36	43.74	10.17
11.78	42.07	14.57
18.25	37.16	19.37
20.42	36.46	23.87
9.82	24.05	29.49
33.3	3.07	17.6
-39.45	24.84	16.61
20.28	19.6	-1.48
19.24	19.94	2.96
31.15	-12.43	10

// Bullmore E, 2003: Practice Effects Following Placebo
// Subjects=24
23.52	-62.43	-30.33
23.54	-59.97	-26.07
-5.29	-56.63	-21.56
34.22	-40.19	-18.93
47.19	-70.43	-12.09
-17.91	-91.97	-9.53
-29.73	-57.52	-3.36
49.36	-70.08	-7.68
-17.94	-53.85	1.77
4.46	-35.48	3.32
-9.5	-8.78	5.7
-14.81	18.99	21.27
-13.72	21.45	25.52
-10.47	19.7	30.09
28.74	87.98	14.99
32.57	-69.21	32.59
31.53	-66.76	36.86
38.01	-66.03	45.64
34.85	-68.8	51.49

// Shulman G L, 2002: Test Period, Motion > Color Cues
// Subjects=19
-14.26	-65.32	59.56
15.66	-63.03	59.03
-8.05	-69.62	30.86
2.77	-68.19	48.46
56.05	-27.69	44.45
41.13	-38.35	45.51
32.59	-42.63	45.97
45.5	-41.7	56.9
34.79	-77.14	39.92
34.73	-66.74	36.82
38.97	-78.14	26.57
-51.07	-70.51	-4.26
51.52	-61.09	-1.77
34.59	-.15	44.62
26.05	6.48	48.62
49.4	2.8	26.36

// Shulman G L, 2002: Test Period, Mixed > Blocked Cues
// Subjects=19
-35.63	-54.53	63.37
-44.55	-3.43	36.88
-44.46	-2.57	47.96
-17.15	-75.33	-42.16

// Talmi D, 2008: High Attention (HA) > Low Attention (LA): Scrambled Pictures
// Subjects=11
31.61	-56.04	51.57
-26.16	-80.13	34.18
-28.39	-88.83	18.21
-32.02	-48.16	-19.74
50.34	-57.81	-14.3
30.97	-34.12	-22.75
51.48	6.61	20.44
-51.04	5.54	29.51
-26.17	-1.17	64.36
-32.08	14.89	-2.72
38.43	15.14	-5.78
-1.84	23.87	41.91

// Solomon M, 2009: Red Cue - Green Cue: Normals (Activations)
// Subjects=23
-20.16	-92.96	8.32
-57.69	-40.64	41.88
29.59	-88.02	12.58
60.57	-35.77	-4.32
-31.72	51.25	-21.44
14.42	27.58	32.78
3.91	12.29	53.52
-51.02	13.96	-17.42
31.05	58.89	-12.06
38.68	7.27	66.87
-46.02	7.05	34.72
1.45	-12.96	24.69
-22.53	50.98	21.01
-37.56	37.41	25.97
25.69	17.97	67.16
35.49	28.07	-9.09

// Bledowski C, 2009: Selection
// Subjects=17
-21	-6	51
24	-3	51
-18	-66	57
18	-60	57
42	-36	42
-24	30	36
-21	-30	39
-9	-48	36
6	-45	33
-3	54	-6
18	57	24
18	51	-3
-51	-66	36
-27	0	-21

// Bledowski C, 2009: Updating
// Subjects=17
-24	-3	57
27	-3	54
-18	-66	54
18	-60	57
-33	-39	42
42	-39	54
27	63	12
-21	12	-6

// Nobre A C, 2004: Common Brain Activations to Precues and Retrocures
// Subjects=10
2	-57	54
-9	-51	51
-12	-54	48
9	-60	69
12	-63	60
18	-72	51
39	-42	51
27	-54	45
27	-57	60
15	-60	54
27	-66	39
24	-72	39
33	-81	24
-21	-63	54
-12	-72	45
-15	-60	54
-18	-75	42
-30	-78	30
-39	-75	27
-33	-81	27
-33	-84	21
-39	-48	33
30	6	57
-27	0	57
-42	-3	42
48	-69	-3
-45	-78	-3
-45	-69	-9
-48	-57	-9
0	-87	-3
-6	-21	-9

// Nobre A C, 2004: Precues > Retrocues, Differential Brain Activations
// Subjects=10
33	-87	15
33	-78	15
39	-72	18

// Nobre A C, 2004: Retrocues > Precues, Differential Brain Activations
// Subjects=10
3	-69	51
36	-57	42
33	-57	57
-36	-63	51
-3	24	39
36	24	-12
51	39	21
48	45	21
-54	21	33

// Scheibel R S, 2007: Positive Correlation between Accuracy and (Incompatible 
// - Compatible Activation), Orthopedic Injury
// Subjects=10
-25.11	-29.4	57.02
-11.91	-53.84	70.42
-7.76	-24.46	62.96
35.47	-26.43	62.42
13.89	-19.71	66.6
24.75	-41.15	66.3

// Zanto T P, 2011: V4 connectivity, Attend > Ignore
// Subjects=20
-38	30	8
-4	20	40
46	18	4
32	56	14
18	36	40
20	48	-10
44	20	24
38	8	58
-36	4	54
-26	52	-14
-36	-52	42
44	-50	36
36	-70	52
-22	-62	66
8	-60	46
14	-70	62
-50	-22	48
30	-28	48

// Zanto T P, 2011: V5 connectivity: attend > Ignore
// Subjects=20
-36	50	12
-22	0	60
-32	32	16
2	-2	60
58	12	24
4	14	54
-56	8	36
10	10	70
34	-42	38
-8	-66	62
-34	-38	42
-30	-48	60
-44	-42	58
56	-30	52
30	-50	58
18	-62	22

// Bentley P, 2003: Attended vs Unattended Faces, Uncorrected
// Subjects=15
44	-50	-24
-42	-44	-28

// Bentley P, 2003: Attended vs Unattended Houses, Corrected
// Subjects=15
16	-52	6
-24	-36	-14

// Bentley P, 2003: Performance Advantage House Judgements, Inc. Activity with 
// Repetition Unattended Faces, Corrected
// Subjects=15
-22	-32	-10

// Bentley P, 2003: Effect of Emotion Faces, Independent of Attention, 
// Uncorrected
// Subjects=15
-40	-48	-24
10	-8	-16

// Bentley P, 2003: Placebo Group, Repetition Decreases for Attended and 
// Unattended Faces, Corrected
// Subjects=15
40	-78	-18
32	-40	-22
-54	-40	34
12	-56	6
6	-86	14
-52	38	8
60	24	10
-6	14	50
58	16	30

// Bentley P, 2003: Placebo Group, Repetition Increases for Attended and 
// Unattended Faces, Corrected
// Subjects=15
54	-38	56
22	-68	32
-32	-56	30
8	-34	18
-54	0	-30
14	-8	68
-24	-16	44

// Bentley P, 2003: Placebo Group, Greater Repetition Decreases for Attended 
// Than Unattended Faces, Corrected
// Subjects=15
-62	-36	12
-34	-80	16
22	8	0
-2	42	-22

// Bentley P, 2003: Placebo Group, Repetition Decreases for Emotion and 
// Neutral Faces, Corrected
// Subjects=15
40	-78	-16
32	-52	-22
-34	-84	16
-52	-42	34
-2	-86	6
-26	0	-26
58	12	30
-8	12	48

// Bentley P, 2003: Placebo Group, Repetition Increases for Emotion and 
// Neutral Faces, Corrected
// Subjects=15
22	-68	32
6	-24	32
-22	-34	-10
-24	-16	42
-18	38	30
38	56	-10

// Bentley P, 2003: Placebo Group, Greater Repetition Decreases for Emotion 
// Than Neutral Faces, Corrected
// Subjects=15
-36	-90	-14
18	-10	-12

// Bentley P, 2003: Placebo Group, Greater Repetition Decreases for Neutral 
// Than Emotion Faces, Corrected
// Subjects=15
38	38	-14
40	46	-16

// Gonzales Andino S L, 2010: Positive Correlation Between Gamma Band 
// Oscillations and Reaction Time
// Subjects=12
-33	5	53
-3	-12	56
-51	-57	18
-29	3	1
22	-70	35
37	4	57
60	-32	-8
35	29	-13
33	17	-13

// Kucian K, 2011: Pre-training (Pre), Healthy control children (CC), Order 
// vs. Control Activation
// Subjects=16
42	-45	60
-3	18	60
-42	-63	-30
-30	-48	48
3	-18	30
-9	-75	-24
-45	3	45
33	21	21
-36	15	9
24	0	69
51	6	36

// Peigneux P, 2000: Reaction Time Improvements
// Subjects=14
-24.56	-107.74	-.23
8.03	-108.51	12.74
1.08	-98.88	-21.71
-20.33	-104.09	-7.39
10.05	-109.54	1.6
27.25	-107.97	-5.57
-35.31	-24.25	20.83
-37.26	-27.06	36.83
-7.19	-45.84	18
38.25	-40.8	23.45
-35.29	-13.2	24.21
-39.46	-16.43	35.81
-26.12	-11.35	66.46
-39.55	-8.33	30.53
13.94	40.42	-2.1
-26.73	-15.92	17.61
-37.34	7.39	37.9
-35.44	25.09	20.43
-33.19	17.01	25.67
-42.05	28.49	11.24
10.51	-12.05	56.94

// Peigneux P, 2000: Successful-Related Adjusted vs. Unsuccessful Adjusted
// Subjects=14
-16.14	10.94	5.81
-13.86	9.66	14.86
-18.4	21.16	0.36
-20.24	6	22.06
-18.41	10.11	-3.03
-24.68	7.28	13.04
-35.81	46.41	-4.09
-29.3	40.06	-3.57
-37.93	35.77	-3
-59.29	24.39	14.18
-52.86	15.28	8.25
-42.08	21.7	7.43
-44.28	30.2	6.63

// Hale T S, 2014: All conditions (letter and location) > Baseline, Control
// Subjects=21
-10	2	50
-40	-12	66
-44	-2	28
-24	-12	50
-38	-36	38
-36	-94	-4

// Hale T S, 2014: Letter > Baseline, Control
// Subjects=21
-10	2	50
-40	-12	66
-44	-2	28
-24	-12	50
-38	-36	38
-36	-94	-4

// Hale T S, 2014: Location > Baseline, Control
// Subjects=21
-12	2	46
-40	-12	66
-46	-2	26
-24	-12	50
-36	-36	36
-32	-92	-4

// Hale T S, 2014: Negative association with accuracy and BOLD signal, Letter 
// > Baseline, Control
// Subjects=21
-18	54	40
-6	28	-12
4	26	-14
0	42	8
-14	38	18

// Hale T S, 2014: Negative association between accuracy and BOLD signal, 
// Location > Baseline, Control
// Subjects=21
14	36	-26
22	44	38
-8	64	-2
-22	58	24
10	30	-22
8	26	-22
-34	24	44
-18	26	52
-2	52	-26
0	28	14
2	36	20
12	38	24
2	20	48

// Sebastian A, 2012: simon task: incongruent > congruent; controls
// Subjects=24
-12	-12	45
0	3	48
48	18	-9
57	6	-6
51	6	0
-12	-57	42
6	-69	51
27	-45	63
-57	-3	3
-48	-57	3

// Misra G, 2015: Force Only > Baseline
// Subjects=15
5	13	45
0	-3	60
1	6	48
-43	2	6
-27	-4	2
-14	-19	9
-38	-15	56
-28	-92	-3
-42	-72	-1
-30	-51	57
-18	-75	-47
39	11	6
28	3	5
12	-19	7
38	-6	56
30	-96	-3
35	-85	4
45	-39	49
33	-46	52
16	-74	-45
23	-56	-21
58	9	28
47	-62	-1
62	-22	38
63	-32	22

// Misra G, 2015: Conjunction Analysis: Force Only and Pain Only
// Subjects=15
0	9	48
1	0	62
2	7	57
-44	1	8
-24	9	1
-26	-5	5
-44	-71	4
-28	-92	-2
-15	-76	-45
38	18	4
39	2	12
47	-63	5
34	-87	-2
57	7	29
62	-21	37
63	-32	22
43	-41	49

// Misra G, 2015: Force Pain > Force Only
// Subjects=15
-1	13	39
-7	11	56
-1	33	27
-55	-20	14
-19	-71	43
-27	-58	-24
-5	-59	-7

// Misra G, 2015: Force Pain > Pain Only
// Subjects=15
-3	-5	57
-44	-20	52
-13	-19	7
-15	-69	-48
39	-8	55
62	-17	36
37	-43	54
37	-85	4

// Misra G, 2015: Force Pain > Force Warm
// Subjects=15
0	15	39
15	-80	-12

// Cai W, 2011: Not-Stop Task (NST) > Stop-signal Task (SST)
// Subjects=23
-60	-51	-3

// Cai W, 2011: Color > Motion
// Subjects=23
-33	-66	-18

// Cai W, 2011: Motion > Color
// Subjects=23
48	-63	-3
-48	69	0

// Cai W, 2011: SST: All Stop > Go
// Subjects=23
-27	-90	-12
-39	-63	-9
-33	-90	9
45	-66	-15
45	-54	-18
33	-84	-9
-30	18	-15
-51	39	12
-45	12	-30
-12	27	27
9	33	24
6	45	3
-24	39	36
-27	42	21
-27	51	30
18	-3	-21
-24	-15	-33
-3	-24	-3
-18	-9	-21
9	-63	6
18	-57	9
-51	39	12
48	45	3
-42	12	-9
36	12	-6
51	15	3
-48	9	27
48	8	30
33	42	30

// Cai W, 2011: SST: Stop > Go, Successful trials
// Subjects=23
-36	-69	-9
39	-72	12
-30	-90	-12
-15	-60	-39
24	-3	60
21	6	55
24	9	48
33	21	51
33	39	39
12	54	36
48	9	30
12	33	48
27	6	51
-51	39	12
-48	39	0
57	21	6
51	39	0
9	-6	6
-3	-24	-3
9	-9	51
9	0	42

// Cai W, 2011: NST: Not Stop > Go
// Subjects=23
-45	-69	-6
-27	-84	-12
-39	-78	-12
-21	-6	48
-51	3	27
-42	-3	42
-48	-6	36
-30	-3	63
-12	-3	69
33	-84	-6
42	-63	-15
48	9	33
45	-54	-18
39	18	18
48	27	12
21	-6	69
21	3	63
30	-57	45
-6	-30	-12
-21	-27	-6
-33	24	6
3	30	3
-48	6	-21
-12	-72	6
24	42	18
30	36	21
-48	-42	12

// Cai W, 2011: SST: Successful Stop > Unsuccessful Stop
// Subjects=23
-21	-3	-3
-27	-15	-18
-15	6	-15
33	-6	24
39	-15	21
30	-21	-3
-9	-54	15
0	-60	21
15	-45	21
-48	-75	18
12	-30	63
21	-18	66
-33	-39	24
-36	-48	9
-24	-48	30
12	-9	51
51	-51	12
21	12	0
-15	30	48
-24	30	48
21	15	27
51	-3	15
12	9	-15
-6	-57	42
-12	-48	0

// Cai W, 2011: SST Unsuccessful Stop > NST Not Stop
// Subjects=23
39	9	-24
33	27	0
33	18	6
-24	-69	24
-18	-69	39
-12	-75	51
0	0	54
-6	12	42
9	9	48
30	-3	51
18	-3	69
33	42	24
-54	-30	24
-60	-24	33
-57	-42	15
-21	-72	6
-27	39	21
-24	-3	45
-39	12	0
-54	12	-6
-48	0	-6
-39	-54	-21
-33	-57	-15
-30	27	-3
9	12	3

// Cai W, 2011: Conjunction: (SST Stop - SST Go) and (NST Not Stop - NST Go)
// Subjects=23
-30	-78	-12
-30	-87	-15
-42	-69	-6
33	-84	-9
42	-66	-15
45	-54	-18
-21	-60	45
48	9	30
-51	6	27

// Chao H H, 2009: Short SSRT > Long SSRT (Within Subjects)
// Subjects=65
28	-4	0
-4	-44	-12
8	-12	40

// Adamovich S V, 2009: WATCH_e > REST
// Subjects=13
48	-68	2
-44	-70	-16
20	-96	10
-8	-104	-4
-22	-96	6
36	-44	54
-36	-46	38
-34	-44	48
-38	-48	-28
-54	-66	16
-44	-14	52
-8	40	40

// Adamovich S V, 2009: OTI > WATCH_e
// Subjects=13
16	-68	50
66	-14	24
-34	-80	18
44	-74	12
-32	14	10
-40	18	0
38	18	2
-28	64	6
-20	-4	62
34	4	56
-58	10	34
46	44	26
-44	52	14
-62	4	18
46	20	26
-26	-104	-2
26	-32	2
38	-20	-10
-64	-34	22
-50	-36	26
6	-62	-34
-20	-74	-48
-34	-62	-34
40	-58	-44
20	0	20
-14	20	-4

// Adamovich S V, 2009: WATCH_e > OTI
// Subjects=13
-12	-94	20
18	-80	24
6	-62	0

// Hanakawa T, 2002: rCBF: Spatial mental-operation > Visual fixation
// Subjects=10
-32.66	3.52	65.1
23.56	8.39	68.14
-7.01	18.97	45.2
-32.64	-44.52	56.4
38.8	-49.82	64.68
-8.63	-64.46	71.41
-42.2	-66.71	-19.68
44.06	-45.76	-29.94
24.35	-56.62	-53.19

// Hanakawa T, 2002: Spatial mental-operation > Visual fixation
// Subjects=10
-28.5	8.88	53.29
29.74	12.72	45.2
-61.19	15.4	33.03
64	21.4	21.34
-32.55	-46.03	63.27
36.52	-35.35	58.8
-25.91	-49.22	74.68
21.61	-53.51	72.06
-39.94	-61.62	-11.26
50.66	-44.91	-21.18

